3.921426300000000000e+07 2.870255149900913239e-03 1.761078834533691406e-03 -6.349420873448252678e-04 1.617584610357880592e-03
3.921439900000000000e+07 2.861981512978672981e-03 1.755800331011414528e-03 -6.353135686367750168e-04 1.618426991626620293e-03
3.921454000000000000e+07 2.865620423108339310e-03 1.757867867127060890e-03 -6.351409247145056725e-04 1.618098933249711990e-03
3.921469900000000000e+07 2.867689123377203941e-03 1.759173814207315445e-03 -6.350721232593059540e-04 1.617887523025274277e-03
3.921483600000000000e+07 2.872965298593044281e-03 1.762411324307322502e-03 -6.348162423819303513e-04 1.617370871827006340e-03
3.921500500000000000e+07 2.869117539376020432e-03 1.760442159138619900e-03 -6.349852192215621471e-04 1.617684494704008102e-03
3.921514200000000000e+07 2.864344511181116104e-03 1.756970072165131569e-03 -6.352103082463145256e-04 1.618239562958478928e-03
3.921530500000000000e+07 2.873562276363372803e-03 1.763947657309472561e-03 -6.348057650029659271e-04 1.617127098143100739e-03
3.921547200000000000e+07 2.878597471863031387e-03 1.765929977409541607e-03 -6.345788715407252312e-04 1.616812311112880707e-03
3.921561500000000000e+07 2.871689852327108383e-03 1.761370454914867878e-03 -6.348842289298772812e-04 1.617538044229149818e-03
3.921576600000000000e+07 2.872698707506060600e-03 1.761732855811715126e-03 -6.348514580167829990e-04 1.617480302229523659e-03
3.921592800000000000e+07 2.868197392672300339e-03 1.758964150212705135e-03 -6.350411567836999893e-04 1.617923611775040627e-03
3.921609400000000000e+07 2.870723372325301170e-03 1.761742285452783108e-03 -6.349003524519503117e-04 1.617477973923087120e-03
3.921624200000000000e+07 2.861450659111142159e-03 1.754224998876452446e-03 -6.353277713060379028e-04 1.618676353245973587e-03
3.921638000000000000e+07 2.885123714804649353e-03 1.769119873642921448e-03 -6.342805572785437107e-04 1.616313587874174118e-03
3.921654700000000000e+07 2.881065476685762405e-03 1.766641624271869659e-03 -6.344963330775499344e-04 1.616697758436203003e-03
3.921669600000000000e+07 2.868410199880599976e-03 1.762490952387452126e-03 -6.350213661789894104e-04 1.617356669157743454e-03
3.921689000000000000e+07 2.867680042982101440e-03 1.759484410285949707e-03 -6.350536132231354713e-04 1.617837231606245041e-03
3.921702800000000000e+07 2.870895434170961380e-03 1.762047060765326023e-03 -6.349174072965979576e-04 1.617428846657276154e-03
3.921720400000000000e+07 2.871649572625756264e-03 1.761494320817291737e-03 -6.348951719701290131e-04 1.617518253624439240e-03
3.921735600000000000e+07 2.877527847886085510e-03 1.765122637152671814e-03 -6.346359150484204292e-04 1.616941299289464951e-03
3.921750400000000000e+07 9.708742797374725342e-02 1.487349718809127808e-01 4.230506122112274170e-01 3.067858815193176270e-01
3.921767200000000000e+07 2.340911887586116791e-02 9.790938347578048706e-03 1.409798264503479004e-01 1.151466509327292442e-03
3.921784100000000000e+07 4.726300947368144989e-03 5.407068878412246704e-03 -6.105404463596642017e-04 1.337049528956413269e-03
3.921800500000000000e+07 1.249760538339614868e-01 1.527122408151626587e-01 9.190442562103271484e-01 -2.041130512952804565e-01
3.921817200000000000e+07 2.075596004724502563e-01 1.804107129573822021e-01 -9.827651083469390869e-02 9.269943237304687500e-01
3.921835300000000000e+07 2.496850788593292236e-01 9.089835733175277710e-02 -2.668098807334899902e-01 1.270170450210571289e+00
3.921849200000000000e+07 2.117357403039932251e-01 9.309388697147369385e-02 -5.733612775802612305e-01 1.107162594795227051e+00
3.921863300000000000e+07 3.019550144672393799e-01 9.167733788490295410e-02 -1.993521749973297119e-01 1.168658971786499023e+00
3.921880200000000000e+07 2.716178297996520996e-01 8.499829471111297607e-02 -5.138638615608215332e-01 1.387694954872131348e+00
3.921898700000000000e+07 3.327447175979614258e-01 1.006948798894882202e-01 -8.489086031913757324e-01 1.302452087402343750e+00
3.921914800000000000e+07 2.358260005712509155e-01 8.684092760086059570e-02 -1.077035721391439438e-02 1.273733258247375488e+00
3.921932400000000000e+07 2.717609107494354248e-01 2.544278800487518311e-01 -5.382073521614074707e-01 1.095193743705749512e+00
3.921946500000000000e+07 1.499934196472167969e-01 3.985094130039215088e-01 7.826498150825500488e-01 7.188874483108520508e-01
3.921962400000000000e+07 2.010315656661987305e-01 1.518325656652450562e-01 1.145621657371520996e+00 1.051236391067504883e+00
3.921981600000000000e+07 8.837182819843292236e-02 1.919940114021301270e-01 1.401741504669189453e+00 1.906434148550033569e-01
3.921997100000000000e+07 8.330526947975158691e-02 2.165609151124954224e-01 1.331720232963562012e+00 1.599269360303878784e-01
3.922012400000000000e+07 9.071420133113861084e-02 2.443152219057083130e-01 1.127146244049072266e+00 5.087558031082153320e-01
3.922027000000000000e+07 8.165552467107772827e-02 1.836556941270828247e-01 1.330106258392333984e+00 1.902316063642501831e-01
3.922041900000000000e+07 1.086863279342651367e-01 1.998070776462554932e-01 1.243853926658630371e+00 7.028505206108093262e-01
3.922056700000000000e+07 1.244215816259384155e-01 1.395085602998733521e-01 1.325199604034423828e+00 6.176120638847351074e-01
3.922071300000000000e+07 9.534722566604614258e-02 2.225430309772491455e-01 1.231298446655273438e+00 4.561508595943450928e-01
3.922087500000000000e+07 9.844756871461868286e-02 1.328547894954681396e-01 1.427537322044372559e+00 6.832943558692932129e-01
3.922103800000000000e+07 1.038111895322799683e-01 9.990231692790985107e-02 1.056385159492492676e+00 9.547765254974365234e-01
3.922118900000000000e+07 6.515946984291076660e-02 1.011622101068496704e-01 1.269896507263183594e+00 6.128170490264892578e-01
3.922134700000000000e+07 8.263702690601348877e-02 1.033930480480194092e-01 1.332102537155151367e+00 8.859302997589111328e-01
3.922150100000000000e+07 1.057784110307693481e-01 2.539468705654144287e-01 1.564569473266601562e+00 4.256498515605926514e-01
3.922165700000000000e+07 1.208916455507278442e-01 1.742802709341049194e-01 1.317805647850036621e+00 6.680511236190795898e-01
3.922181700000000000e+07 5.303220078349113464e-02 1.079146340489387512e-01 1.496499538421630859e+00 -1.180431544780731201e-01
3.922198000000000000e+07 1.176063269376754761e-01 2.748833000659942627e-01 1.294660210609436035e+00 1.782565265893936157e-01
3.922213100000000000e+07 1.636833101511001587e-01 1.354431658983230591e-01 7.581038475036621094e-01 -7.332420349121093750e-01
3.922229500000000000e+07 1.770558506250381470e-01 7.126862555742263794e-02 -2.011747956275939941e-01 -1.019273877143859863e+00
3.922244100000000000e+07 2.435216158628463745e-01 1.011772677302360535e-01 7.208722829818725586e-01 -1.051024198532104492e+00
3.922258400000000000e+07 2.015524208545684814e-01 5.853379890322685242e-02 1.347253620624542236e-01 -1.152252316474914551e+00
3.922276300000000000e+07 2.412003874778747559e-01 4.114096984267234802e-02 6.345119476318359375e-01 -1.413651823997497559e+00
3.922292200000000000e+07 2.422376126050949097e-01 1.101349070668220520e-01 7.745538353919982910e-01 -1.250849962234497070e+00
3.922308600000000000e+07 1.312292665243148804e-01 1.459270715713500977e-01 6.581906080245971680e-01 -1.246056675910949707e+00
3.922322900000000000e+07 1.574676185846328735e-01 1.152055785059928894e-01 7.546542882919311523e-01 -1.067941546440124512e+00
3.922339800000000000e+07 1.719590723514556885e-01 1.307270675897598267e-01 7.915502786636352539e-01 -1.277432799339294434e+00
3.922354600000000000e+07 1.178698688745498657e-01 5.786293372511863708e-02 7.579461932182312012e-01 -1.072532296180725098e+00
3.922369600000000000e+07 1.369366198778152466e-01 7.506547123193740845e-02 7.351461648941040039e-01 -1.109499335289001465e+00
3.922383400000000000e+07 1.201236769556999207e-01 8.414923399686813354e-02 6.899104118347167969e-01 -1.104553699493408203e+00
3.922399000000000000e+07 2.316507250070571899e-01 6.480967998504638672e-02 5.966551899909973145e-01 -1.219859123229980469e+00
3.922414500000000000e+07 1.547236740589141846e-01 7.398788630962371826e-02 8.820824027061462402e-01 -1.299331188201904297e+00
3.922430700000000000e+07 1.256087571382522583e-01 6.918768584728240967e-02 9.950662851333618164e-01 -9.866747856140136719e-01
3.922446700000000000e+07 1.512722969055175781e-01 6.672930717468261719e-02 3.423484861850738525e-01 -1.066148996353149414e+00
3.922461400000000000e+07 1.397702693939208984e-01 7.131757587194442749e-02 -3.348156213760375977e-01 -8.266783356666564941e-01
3.922475700000000000e+07 8.129855990409851074e-02 1.903849393129348755e-01 -1.304528713226318359e+00 -4.270813763141632080e-01
3.922491300000000000e+07 7.332855463027954102e-02 1.468049734830856323e-01 -1.422730684280395508e+00 -2.953020334243774414e-01
3.922505400000000000e+07 1.032077297568321228e-01 1.077935621142387390e-01 -1.074508190155029297e+00 -7.088215351104736328e-01
3.922520200000000000e+07 7.215996831655502319e-02 1.208784952759742737e-01 -1.194884896278381348e+00 -4.523506462574005127e-01
3.922535000000000000e+07 7.350289821624755859e-02 1.252571046352386475e-01 -1.281246185302734375e+00 -4.202177524566650391e-01
3.922549900000000000e+07 7.443013787269592285e-02 1.765212118625640869e-01 -1.254258871078491211e+00 -3.229900598526000977e-01
3.922564000000000000e+07 1.019772589206695557e-01 1.529061198234558105e-01 -1.109745144844055176e+00 -7.441510558128356934e-01
3.922579600000000000e+07 8.469021320343017578e-02 1.031038239598274231e-01 -1.219272494316101074e+00 -6.517049074172973633e-01
3.922596400000000000e+07 9.057534486055374146e-02 1.027909442782402039e-01 -1.350210189819335938e+00 -6.555915474891662598e-01
3.922611300000000000e+07 8.875706046819686890e-02 1.378334462642669678e-01 -1.213983893394470215e+00 -7.641474008560180664e-01
3.922626000000000000e+07 6.779928505420684814e-02 1.467600613832473755e-01 -1.337650537490844727e+00 -4.586403965950012207e-01
3.922640700000000000e+07 7.358235865831375122e-02 1.651059985160827637e-01 -1.300960540771484375e+00 -2.543211877346038818e-01
3.922656000000000000e+07 7.243018597364425659e-02 1.256823092699050903e-01 -1.296953320503234863e+00 -4.164709448814392090e-01
3.922669200000000000e+07 7.209203392267227173e-02 1.206374242901802063e-01 -1.216612219810485840e+00 -4.328983426094055176e-01
3.922683400000000000e+07 7.852143794298171997e-02 1.359864771366119385e-01 -1.205987334251403809e+00 -5.335555076599121094e-01
3.922697800000000000e+07 7.355062663555145264e-02 1.358293294906616211e-01 -1.308982491493225098e+00 -3.027617633342742920e-01
3.922713300000000000e+07 7.878917455673217773e-02 9.611271321773529053e-02 -1.184174299240112305e+00 -7.438104152679443359e-01
3.922728900000000000e+07 7.656202465295791626e-02 1.232265681028366089e-01 -1.240858912467956543e+00 -5.239632129669189453e-01
3.922743400000000000e+07 7.392230629920959473e-02 1.365935355424880981e-01 -1.373246908187866211e+00 -3.319164812564849854e-01
3.922758000000000000e+07 9.706673771142959595e-02 1.063818559050559998e-01 -1.166127920150756836e+00 -6.181274056434631348e-01
3.922773600000000000e+07 1.134366616606712341e-01 8.885479718446731567e-02 -1.067139267921447754e+00 -8.527610301971435547e-01
3.922787700000000000e+07 7.519688457250595093e-02 1.349555253982543945e-01 -1.308669567108154297e+00 -2.238311916589736938e-01
3.922804200000000000e+07 7.478477060794830322e-02 1.331284791231155396e-01 -1.435258269309997559e+00 -3.541772067546844482e-01
3.922818700000000000e+07 9.151472151279449463e-02 1.157746389508247375e-01 -1.119495987892150879e+00 -6.680449247360229492e-01
3.922834800000000000e+07 6.886015087366104126e-02 1.552785485982894897e-01 -1.331690669059753418e+00 -3.390356004238128662e-01
3.922849400000000000e+07 8.882249891757965088e-02 1.118428781628608704e-01 -1.256156444549560547e+00 -5.508843660354614258e-01
3.922866300000000000e+07 7.156359404325485229e-02 1.608505845069885254e-01 -1.430004239082336426e+00 -2.985768318176269531e-01
3.922881100000000000e+07 6.864348053932189941e-02 1.203147396445274353e-01 -1.269621610641479492e+00 -3.982760906219482422e-01
3.922897600000000000e+07 7.776439934968948364e-02 1.702416986227035522e-01 -1.305889248847961426e+00 -3.966690599918365479e-01
3.922913800000000000e+07 1.632835268974304199e-01 1.155226677656173706e-01 -7.256593108177185059e-01 -1.010205864906311035e+00
3.922929400000000000e+07 1.114511936902999878e-01 9.233881533145904541e-02 5.996137261390686035e-01 -5.543518662452697754e-01
3.922946300000000000e+07 5.166500061750411987e-02 1.227937340736389160e-01 1.479664921760559082e+00 1.216848269104957581e-01
3.922963300000000000e+07 7.277858257293701172e-02 1.100605577230453491e-01 1.470666646957397461e+00 4.212178885936737061e-01
3.922981200000000000e+07 6.908491998910903931e-02 1.164411082863807678e-01 1.392713904380798340e+00 6.563553810119628906e-01
3.922998300000000000e+07 7.457786798477172852e-02 1.049694418907165527e-01 1.268458962440490723e+00 8.566008806228637695e-01
3.923016200000000000e+07 4.668485373258590698e-02 9.517752379179000854e-02 1.545421004295349121e+00 2.064943313598632812e-01
3.923031300000000000e+07 9.566865861415863037e-02 1.043324768543243408e-01 1.153597474098205566e+00 6.529105305671691895e-01
3.923048800000000000e+07 2.101272344589233398e-01 1.099044978618621826e-01 2.570719122886657715e-01 1.224023342132568359e+00
3.923066900000000000e+07 1.792385429143905640e-01 7.771634310483932495e-02 -3.469597697257995605e-01 1.265824437141418457e+00
3.923082300000000000e+07 1.645367741584777832e-01 7.688405364751815796e-02 -3.493046462535858154e-01 1.167525529861450195e+00
3.923097500000000000e+07 1.039586067199707031e-01 9.433867782354354858e-02 -8.423154354095458984e-01 1.077284216880798340e+00
3.923112500000000000e+07 1.047372147440910339e-01 8.075181394815444946e-02 -6.334240436553955078e-01 1.182377696037292480e+00
3.923127600000000000e+07 2.040116190910339355e-01 1.374264210462570190e-01 -3.743834197521209717e-01 1.083549022674560547e+00
3.923142800000000000e+07 1.522952467203140259e-01 8.749237656593322754e-02 -5.449729561805725098e-01 1.169233918190002441e+00
3.923157000000000000e+07 1.571205407381057739e-01 8.852936327457427979e-02 -3.644040822982788086e-01 1.172617912292480469e+00
3.923171800000000000e+07 1.624101251363754272e-01 9.378010034561157227e-02 -6.211069226264953613e-01 1.090570330619812012e+00
3.923189500000000000e+07 3.052658438682556152e-01 8.564344793558120728e-02 -5.964499711990356445e-01 1.368125557899475098e+00
3.923204700000000000e+07 1.754862964153289795e-01 8.448308706283569336e-02 -3.581932783126831055e-01 1.147670269012451172e+00
3.923221000000000000e+07 1.960298120975494385e-01 1.082822605967521667e-01 -8.546994924545288086e-01 1.124647974967956543e+00
3.923235300000000000e+07 2.125721424818038940e-01 9.176705032587051392e-02 -5.378993153572082520e-01 1.140123128890991211e+00
3.923252400000000000e+07 1.197443902492523193e-01 8.380285650491714478e-02 -5.545215010643005371e-01 1.132459878921508789e+00
3.923269200000000000e+07 1.115291044116020203e-01 8.710207790136337280e-02 6.754792928695678711e-01 5.430437922477722168e-01
3.923284600000000000e+07 7.395707815885543823e-02 1.127303689718246460e-01 1.179474353790283203e+00 5.542055964469909668e-01
3.923302000000000000e+07 9.340519458055496216e-02 9.899038076400756836e-02 1.008860349655151367e+00 9.737177491188049316e-01
3.923319000000000000e+07 1.985862851142883301e-01 9.337249398231506348e-02 7.050148844718933105e-01 1.100389361381530762e+00
3.923336100000000000e+07 1.865328997373580933e-01 8.898651599884033203e-02 -4.558862447738647461e-01 1.213224887847900391e+00
3.923353300000000000e+07 1.644187420606613159e-01 8.937716484069824219e-02 -3.494387567043304443e-01 1.102034211158752441e+00
3.923368500000000000e+07 1.583818495273590088e-01 8.796457201242446899e-02 5.025782585144042969e-01 1.033675670623779297e+00
3.923382800000000000e+07 2.173375338315963745e-01 2.753833234310150146e-01 7.098946571350097656e-01 1.541092544794082642e-01
3.923399700000000000e+07 6.481562554836273193e-02 2.326992303133010864e-01 1.439816951751708984e+00 2.878995835781097412e-01
3.923415900000000000e+07 1.051751598715782166e-01 2.801026701927185059e-01 1.363449215888977051e+00 1.174075976014137268e-01
3.923430500000000000e+07 2.163185328245162964e-01 1.187701448798179626e-01 8.577854633331298828e-01 -5.258752107620239258e-01
3.923445600000000000e+07 1.366927772760391235e-01 9.464628994464874268e-02 6.644239425659179688e-01 -1.085920453071594238e+00
3.923458700000000000e+07 1.646354347467422485e-01 1.189496591687202454e-01 6.260867118835449219e-01 -1.231202006340026855e+00
3.923474500000000000e+07 1.965909004211425781e-01 5.045068264007568359e-02 -4.054581001400947571e-02 -1.277764439582824707e+00
3.923488000000000000e+07 1.839609891176223755e-01 1.015153452754020691e-01 3.965742886066436768e-01 -1.148348927497863770e+00
3.923503600000000000e+07 9.771693497896194458e-02 1.767194420099258423e-01 9.399313926696777344e-01 -7.932640910148620605e-01
3.923518700000000000e+07 1.579034477472305298e-01 2.483762353658676147e-01 9.436181187629699707e-01 4.131728112697601318e-01
3.923534700000000000e+07 7.952066510915756226e-02 1.298750340938568115e-01 1.452462792396545410e+00 3.278041779994964600e-01
3.923550000000000000e+07 7.309463620185852051e-02 1.104560494422912598e-01 1.187930583953857422e+00 4.991967976093292236e-01
3.923564500000000000e+07 8.836399763822555542e-02 1.008191332221031189e-01 1.095231890678405762e+00 9.361463189125061035e-01
3.923580300000000000e+07 1.457398086786270142e-01 9.269225597381591797e-02 7.987861037254333496e-01 1.117015600204467773e+00
3.923595200000000000e+07 1.266341656446456909e-01 7.668341696262359619e-02 5.376397371292114258e-01 1.213730454444885254e+00
3.923611800000000000e+07 1.644212752580642700e-01 6.922436505556106567e-02 1.303601264953613281e-01 1.326192378997802734e+00
3.923625400000000000e+07 1.070470958948135376e-01 1.420862078666687012e-01 1.380508422851562500e+00 6.032198667526245117e-01
3.923640100000000000e+07 6.995307654142379761e-02 9.431717544794082642e-02 1.243028163909912109e+00 6.263173222541809082e-01
3.923654900000000000e+07 1.961399018764495850e-01 8.147844672203063965e-02 3.805864155292510986e-01 1.208931922912597656e+00
3.923670800000000000e+07 1.734009683132171631e-01 7.046817988157272339e-02 -2.573561966419219971e-01 1.340623378753662109e+00
3.923687200000000000e+07 1.647932678461074829e-01 8.849331736564636230e-02 7.480691671371459961e-01 1.226801872253417969e+00
3.923703200000000000e+07 1.013524010777473450e-01 1.757392287254333496e-01 1.245583653450012207e+00 6.813702732324600220e-02
3.923718200000000000e+07 8.724138885736465454e-02 1.832038909196853638e-01 1.314487814903259277e+00 -3.799551725387573242e-02
3.923733700000000000e+07 6.183565780520439148e-02 1.653968542814254761e-01 1.387964487075805664e+00 1.971973627805709839e-01
3.923748300000000000e+07 6.059289351105690002e-02 1.702769845724105835e-01 1.412446379661560059e+00 2.536101043224334717e-01
3.923762900000000000e+07 5.932463333010673523e-02 1.312807053327560425e-01 1.324266910552978516e+00 1.143845543265342712e-01
3.923778500000000000e+07 8.123768121004104614e-02 1.152572780847549438e-01 1.571989178657531738e+00 5.050883293151855469e-01
3.923793300000000000e+07 1.423938423395156860e-01 2.314807921648025513e-01 1.200853824615478516e+00 -4.232906103134155273e-01
3.923806000000000000e+07 1.951079964637756348e-01 8.059795200824737549e-02 4.628540575504302979e-01 -9.775237441062927246e-01
3.923820300000000000e+07 1.703371256589889526e-01 7.379920035600662231e-02 4.168265759944915771e-01 -1.099198460578918457e+00
3.923834300000000000e+07 1.361086368560791016e-01 1.424964517354965210e-01 5.717872977256774902e-01 -1.079416513442993164e+00
3.923848000000000000e+07 2.501856982707977295e-01 1.652666628360748291e-01 5.136386752128601074e-01 -9.709660410881042480e-01
3.923862900000000000e+07 2.170547991991043091e-01 7.520876824855804443e-02 6.465276479721069336e-01 -8.756653070449829102e-01
3.923876700000000000e+07 2.664566934108734131e-01 1.187377795577049255e-01 8.300256133079528809e-01 -9.223892092704772949e-01
3.923892400000000000e+07 1.871139258146286011e-01 8.694713562726974487e-02 5.449213981628417969e-01 -1.044193029403686523e+00
3.923906000000000000e+07 1.443076133728027344e-01 1.222319304943084717e-01 6.129474043846130371e-01 -9.957008361816406250e-01
3.923920100000000000e+07 1.604709178209304810e-01 5.566047504544258118e-02 4.939858615398406982e-01 -1.145275831222534180e+00
3.923935900000000000e+07 1.916958242654800415e-01 1.003667563199996948e-01 7.604224681854248047e-01 -1.139382719993591309e+00
3.923951500000000000e+07 2.286034375429153442e-01 1.210489124059677124e-01 6.828145980834960938e-01 -1.030418992042541504e+00
3.923965500000000000e+07 2.004012316465377808e-01 1.114888489246368408e-01 6.033752560615539551e-01 -1.191723227500915527e+00
3.923981400000000000e+07 2.783951759338378906e-01 1.704959273338317871e-01 7.722637653350830078e-01 -9.745402932167053223e-01
3.923996100000000000e+07 2.332931309938430786e-01 7.613907754421234131e-02 2.766746878623962402e-01 -9.030925035476684570e-01
3.924011000000000000e+07 1.649579405784606934e-01 9.147632867097854614e-02 7.387859225273132324e-01 -1.064018011093139648e+00
3.924025600000000000e+07 1.659110188484191895e-01 3.923445940017700195e-02 2.921864092350006104e-01 -1.260987520217895508e+00
3.924038700000000000e+07 1.174648404121398926e-01 6.300806999206542969e-02 6.840491294860839844e-01 -1.031282305717468262e+00
3.924053100000000000e+07 1.097508668899536133e-01 1.014960482716560364e-01 9.180548191070556641e-01 -9.875137209892272949e-01
3.924068700000000000e+07 1.504039317369461060e-01 9.494784474372863770e-02 9.739950895309448242e-01 -9.201127886772155762e-01
3.924084000000000000e+07 2.292078435420989990e-01 6.467458605766296387e-02 3.701264262199401855e-01 -1.215850114822387695e+00
3.924099200000000000e+07 2.193133831024169922e-01 1.299962550401687622e-01 8.658308982849121094e-01 -9.695010185241699219e-01
3.924112400000000000e+07 2.309282124042510986e-01 1.484010964632034302e-01 8.302609920501708984e-01 -9.690395593643188477e-01
3.924128500000000000e+07 8.571573346853256226e-02 1.760337650775909424e-01 1.189704179763793945e+00 -5.826219916343688965e-01
3.924143200000000000e+07 1.331437379121780396e-01 7.025103271007537842e-02 7.204145789146423340e-01 -1.116914868354797363e+00
3.924156800000000000e+07 1.614753454923629761e-01 1.099554300308227539e-01 6.046539545059204102e-01 -1.193555355072021484e+00
3.924170300000000000e+07 1.534883975982666016e-01 1.181857138872146606e-01 4.797463417053222656e-01 -1.035532832145690918e+00
3.924185800000000000e+07 1.816184073686599731e-01 5.353670194745063782e-02 6.635728478431701660e-01 -1.105157256126403809e+00
3.924201200000000000e+07 1.762498319149017334e-01 1.077770218253135681e-01 6.840098500251770020e-01 -1.167084455490112305e+00
3.924216600000000000e+07 1.149759218096733093e-01 1.363603323698043823e-01 8.360233306884765625e-01 -9.749494791030883789e-01
3.924230800000000000e+07 1.182354167103767395e-01 4.816665500402450562e-02 6.913214921951293945e-01 -1.117255806922912598e+00
3.924244700000000000e+07 1.836005300283432007e-01 5.179869756102561951e-02 4.939401149749755859e-01 -1.128377676010131836e+00
3.924258100000000000e+07 2.062095552682876587e-01 5.143232643604278564e-02 6.130163669586181641e-01 -1.103975057601928711e+00
3.924273800000000000e+07 2.054851502180099487e-01 1.239753514528274536e-01 4.745782911777496338e-01 -9.745176434516906738e-01
3.924288500000000000e+07 1.086567044258117676e-01 1.046078130602836609e-01 7.824196219444274902e-01 -6.391869783401489258e-01
3.924303600000000000e+07 1.754891425371170044e-01 2.344691604375839233e-01 -5.973607897758483887e-01 2.663124799728393555e-01
3.924316900000000000e+07 1.667262613773345947e-01 3.679038286209106445e-01 -5.763922929763793945e-01 4.436356425285339355e-01
3.924331500000000000e+07 1.825943887233734131e-01 8.109918236732482910e-02 -3.726492226123809814e-01 1.228485226631164551e+00
3.924346400000000000e+07 1.529078632593154907e-01 1.076468825340270996e-01 -4.995302259922027588e-01 8.090671896934509277e-01
3.924362300000000000e+07 9.101587533950805664e-02 1.081952154636383057e-01 -1.112295985221862793e+00 7.996661067008972168e-01
3.924377800000000000e+07 1.419103294610977173e-01 1.839111745357513428e-01 -9.129014015197753906e-01 1.002920389175415039e+00
3.924393300000000000e+07 2.593340277671813965e-01 8.888561278581619263e-02 -4.591484665870666504e-01 1.260984063148498535e+00
3.924410700000000000e+07 3.428765237331390381e-01 2.184483110904693604e-01 -2.509267628192901611e-01 1.178301095962524414e+00
3.924426200000000000e+07 2.416447252035140991e-01 8.151342719793319702e-02 -3.154259026050567627e-01 1.219994068145751953e+00
3.924445000000000000e+07 2.834314405918121338e-01 1.032230332493782043e-01 -2.152330875396728516e-01 1.176743388175964355e+00
3.924463100000000000e+07 3.193654119968414307e-01 9.317524731159210205e-02 -4.739953577518463135e-01 1.218860149383544922e+00
3.924480700000000000e+07 2.476277649402618408e-01 9.748072922229766846e-02 -1.045759543776512146e-01 1.105280041694641113e+00
3.924496500000000000e+07 2.152893692255020142e-01 9.925114363431930542e-02 8.179267495870590210e-02 1.077878594398498535e+00
3.924514300000000000e+07 2.709626257419586182e-01 9.355296194553375244e-02 -1.517149060964584351e-01 1.255710244178771973e+00
3.924529800000000000e+07 2.602890729904174805e-01 9.964049607515335083e-02 -6.921648383140563965e-01 1.088561177253723145e+00
3.924547100000000000e+07 2.694832980632781982e-01 9.674795717000961304e-02 -4.067417383193969727e-01 1.141124129295349121e+00
3.924564900000000000e+07 2.842501699924468994e-01 9.947001188993453979e-02 -3.964594099670648575e-03 1.167557239532470703e+00
3.924582800000000000e+07 3.991089463233947754e-01 6.016747355461120605e-01 -7.363048791885375977e-01 6.498559117317199707e-01
3.924600000000000000e+07 8.987990021705627441e-02 4.244280457496643066e-01 -1.069221615791320801e+00 -9.074059873819351196e-02
3.924615500000000000e+07 9.428798407316207886e-02 3.330743908882141113e-01 -1.137116312980651855e+00 1.567587256431579590e-01
3.924631000000000000e+07 1.232783496379852295e-01 6.621431112289428711e-01 -1.094006419181823730e+00 4.342564195394515991e-02
3.924647700000000000e+07 6.202690675854682922e-02 1.370662301778793335e-01 -1.331863641738891602e+00 -9.628588706254959106e-02
3.924662100000000000e+07 7.438456267118453979e-02 1.457281559705734253e-01 -1.266402244567871094e+00 -2.611376047134399414e-01
3.924676700000000000e+07 6.594233214855194092e-02 2.042134851217269897e-01 -1.471536517143249512e+00 1.299057304859161377e-01
3.924691300000000000e+07 8.566350489854812622e-02 2.801473736763000488e-01 -1.146055579185485840e+00 -8.607292920351028442e-02
3.924706400000000000e+07 7.548771053552627563e-02 2.085279077291488647e-01 -1.306624054908752441e+00 2.740236371755599976e-02
3.924724000000000000e+07 1.451365649700164795e-01 6.517128348350524902e-01 -1.030066847801208496e+00 2.366081029176712036e-01
3.924740200000000000e+07 8.120760321617126465e-02 1.165503561496734619e-01 -1.107408046722412109e+00 -4.828856289386749268e-01
3.924757100000000000e+07 8.202855288982391357e-02 1.221541538834571838e-01 -1.469532132148742676e+00 -4.482368826866149902e-01
3.924772900000000000e+07 8.928901702165603638e-02 3.508516252040863037e-01 -1.300177097320556641e+00 3.057293128222227097e-03
3.924789700000000000e+07 9.627970308065414429e-02 2.340974509716033936e-01 -1.230356335639953613e+00 -3.372817337512969971e-01
3.924805000000000000e+07 1.404175758361816406e-01 6.671186685562133789e-01 -1.094881892204284668e+00 -1.710185259580612183e-01
3.924819600000000000e+07 7.087928056716918945e-02 2.309103906154632568e-01 -1.398494601249694824e+00 -2.204475253820419312e-01
3.924834300000000000e+07 6.889695674180984497e-02 1.980454772710800171e-01 -1.371393918991088867e+00 -1.285221427679061890e-01
3.924849000000000000e+07 7.256295531988143921e-02 1.943027973175048828e-01 -1.343635559082031250e+00 -2.943552732467651367e-01
3.924864200000000000e+07 8.625081181526184082e-02 1.626157611608505249e-01 -1.239921689033508301e+00 -6.479661464691162109e-01
3.924878600000000000e+07 8.613804727792739868e-02 1.738265156745910645e-01 -1.174825787544250488e+00 -5.559502243995666504e-01
3.924893900000000000e+07 8.623879402875900269e-02 3.283872306346893311e-01 -1.250257968902587891e+00 1.018846556544303894e-01
3.924910200000000000e+07 7.803822308778762817e-02 1.455489993095397949e-01 -1.324987769126892090e+00 -2.727527022361755371e-01
3.924925800000000000e+07 9.240612387657165527e-02 2.532286643981933594e-01 -1.220083594322204590e+00 -3.283002376556396484e-01
3.924942300000000000e+07 1.627909988164901733e-01 4.648536741733551025e-01 -1.029370069503784180e+00 -4.562458992004394531e-01
3.924957000000000000e+07 1.722199916839599609e-01 2.559063136577606201e-01 -5.246136188507080078e-01 9.700145572423934937e-02
3.924975900000000000e+07 2.016814947128295898e-01 1.462441831827163696e-01 -1.625941097736358643e-01 3.316038250923156738e-01
3.924992500000000000e+07 1.873943507671356201e-01 9.269985556602478027e-02 -4.300266206264495850e-01 1.131771087646484375e+00
3.925008100000000000e+07 2.450466454029083252e-01 8.425938338041305542e-02 -1.143792569637298584e-01 1.323171973228454590e+00
3.925023200000000000e+07 1.759265363216400146e-01 8.396326750516891479e-02 -4.580797851085662842e-01 1.278026580810546875e+00
3.925039000000000000e+07 1.485878378152847290e-01 1.045063138008117676e-01 -1.016427278518676758e+00 1.122007846832275391e+00
3.925052800000000000e+07 1.877366155385971069e-01 9.778128564357757568e-02 -4.571178257465362549e-01 1.043698668479919434e+00
3.925067200000000000e+07 1.018769517540931702e-01 1.313238143920898438e-01 9.573683142662048340e-01 8.556104302406311035e-01
3.925082800000000000e+07 1.441484242677688599e-01 1.147821024060249329e-01 9.949258565902709961e-01 1.102158904075622559e+00
3.925098800000000000e+07 1.392378062009811401e-01 1.153626590967178345e-01 -5.873727798461914062e-01 9.460808038711547852e-01
3.925117600000000000e+07 8.518680930137634277e-02 7.200234383344650269e-02 -2.293904870748519897e-02 -3.527053818106651306e-02
3.925133500000000000e+07 1.018805131316184998e-01 1.817350089550018311e-02 -2.185044251382350922e-02 -3.033348172903060913e-02
3.925150400000000000e+07 6.263032555580139160e-02 1.428560912609100342e-02 -1.547743473201990128e-02 -2.029647678136825562e-02
3.925166500000000000e+07 2.273637205362319946e-01 8.208443969488143921e-02 -4.456854462623596191e-01 1.247980713844299316e+00
3.925180900000000000e+07 2.812334001064300537e-01 3.549633026123046875e-01 -2.574798762798309326e-01 4.329709410667419434e-01
3.925195400000000000e+07 2.416115999221801758e-01 3.520406186580657959e-01 5.092158541083335876e-02 3.184476494789123535e-01
3.925210500000000000e+07 6.370354909449815750e-03 4.155354108661413193e-03 -2.444591838866472244e-03 1.382834510877728462e-03
3.925224800000000000e+07 3.009338630363345146e-03 1.870872685685753822e-03 -6.291196914389729500e-04 1.600634539499878883e-03
3.925238400000000000e+07 2.888063900172710419e-03 1.773015246726572514e-03 -6.341612897813320160e-04 1.615684945136308670e-03
3.925252100000000000e+07 2.885833848267793655e-03 1.771603827364742756e-03 -6.342475535348057747e-04 1.615907996892929077e-03
3.925267000000000000e+07 2.888435730710625648e-03 1.773250405676662922e-03 -6.341486005112528801e-04 1.615646062418818474e-03
3.925282300000000000e+07 2.878249157220125198e-03 1.766999717801809311e-03 -6.345896981656551361e-04 1.616640482097864151e-03
3.925296700000000000e+07 2.886541653424501419e-03 1.772470888681709766e-03 -6.342325359582901001e-04 1.615770859643816948e-03
3.925311500000000000e+07 2.880946500226855278e-03 1.768740476109087467e-03 -6.344654830172657967e-04 1.616362947970628738e-03
3.925325800000000000e+07 2.886369591578841209e-03 1.771767041645944118e-03 -6.342285196296870708e-04 1.615881919860839844e-03
3.925339900000000000e+07 2.883926499634981155e-03 1.770765404216945171e-03 -6.343378918245434761e-04 1.616040943190455437e-03
3.925354800000000000e+07 2.880739746615290642e-03 1.768403570167720318e-03 -6.344749126583337784e-04 1.616415800526738167e-03
3.925369300000000000e+07 2.878065919503569603e-03 1.766684930771589279e-03 -6.345851579681038857e-04 1.616688678041100502e-03
3.925383100000000000e+07 2.881603082641959190e-03 1.769356778822839260e-03 -6.344368448480963707e-04 1.616264227777719498e-03
3.925398800000000000e+07 2.887352602556347847e-03 1.772709423676133156e-03 -6.341965636238455772e-04 1.615732675418257713e-03
3.925414200000000000e+07 2.892090706154704094e-03 1.774998963810503483e-03 -6.339950487017631531e-04 1.615370390936732292e-03
3.925429200000000000e+07 2.879281761124730110e-03 1.767927198670804501e-03 -6.345398142002522945e-04 1.616490539163351059e-03
3.925444400000000000e+07 2.880532760173082352e-03 1.769231632351875305e-03 -6.344872526824474335e-04 1.616282621398568153e-03
3.925459100000000000e+07 2.885196125134825706e-03 1.770807662978768349e-03 -6.342841079458594322e-04 1.616033259779214859e-03
3.925474300000000000e+07 2.886740025132894516e-03 1.772571355104446411e-03 -6.342233391478657722e-04 1.615754561498761177e-03
3.925489300000000000e+07 2.888388000428676605e-03 1.773313269950449467e-03 -6.341427215375006199e-04 1.615637214854359627e-03
