3.925912400000000000e+07 1.094336970709264278e-03 1.418367959558963776e-03 1.190822571516036987e-03 1.009064726531505585e-03
3.925928100000000000e+07 1.098281820304691792e-03 1.421224791556596756e-03 1.191600458696484566e-03 1.007666112855076790e-03
3.925946200000000000e+07 1.099011860787868500e-03 1.421902794390916824e-03 1.191757502965629101e-03 1.007389975711703300e-03
3.925962000000000000e+07 1.099716755561530590e-03 1.422315603122115135e-03 1.191876828670501709e-03 1.007139915600419044e-03
3.925978000000000000e+07 1.102612121030688286e-03 1.424688496626913548e-03 1.192473573610186577e-03 1.006020233035087585e-03
3.925993700000000000e+07 1.097813481464982033e-03 1.420985441654920578e-03 1.191516406834125519e-03 1.007824670523405075e-03
3.926009700000000000e+07 1.101289642974734306e-03 1.423590467311441898e-03 1.192213501781225204e-03 1.006538514047861099e-03
3.926026900000000000e+07 1.101181260310113430e-03 1.423546695150434971e-03 1.192178344354033470e-03 1.006556209176778793e-03
3.926041000000000000e+07 1.107486896216869354e-03 1.428013900294899940e-03 1.193438889458775520e-03 1.004338962957262993e-03
3.926057800000000000e+07 1.102573354728519917e-03 1.424490241333842278e-03 1.192479976452887058e-03 1.006056554615497589e-03
3.926071700000000000e+07 1.110082492232322693e-03 1.429847441613674164e-03 1.193983014672994614e-03 1.003507990390062332e-03
3.926087700000000000e+07 1.100467867217957973e-03 1.423121546395123005e-03 1.192044699564576149e-03 1.006743405014276505e-03
3.926103400000000000e+07 1.107895630411803722e-03 1.428401446901261806e-03 1.193549018353223801e-03 1.004124758765101433e-03
3.926120900000000000e+07 1.106091542169451714e-03 1.427138224244117737e-03 1.193184405565261841e-03 1.004798803478479385e-03
3.926137200000000000e+07 1.099867513403296471e-03 1.422308501787483692e-03 1.191857852973043919e-03 1.007121754810214043e-03
3.926152500000000000e+07 1.103487331420183182e-03 1.424748217687010765e-03 1.192596741020679474e-03 1.005895668640732765e-03
3.926166700000000000e+07 1.099084620364010334e-03 1.421840861439704895e-03 1.191767398267984390e-03 1.007408369332551956e-03
3.926183000000000000e+07 1.093954662792384624e-03 1.417841878719627857e-03 1.190706389024853706e-03 1.009407686069607735e-03
3.926198600000000000e+07 1.102606300264596939e-03 1.424566260538995266e-03 1.192461699247360229e-03 1.006094971671700478e-03
3.926213500000000000e+07 1.095609972253441811e-03 1.419521635398268700e-03 1.191052258946001530e-03 1.008546212688088417e-03
3.926231200000000000e+07 1.102860551327466965e-03 1.424811314791440964e-03 1.192535739392042160e-03 1.005916623398661613e-03
3.926246900000000000e+07 1.103998045437037945e-03 1.425552763976156712e-03 1.192755531519651413e-03 1.005540136247873306e-03
3.926263200000000000e+07 1.110453857108950615e-03 1.430522301234304905e-03 1.194071606732904911e-03 1.003112411126494408e-03
3.926279400000000000e+07 1.104503753595054150e-03 1.426023780368268490e-03 1.192896976135671139e-03 1.005304278805851936e-03
3.926296700000000000e+07 1.114970771595835686e-03 1.433819066733121872e-03 1.194974174723029137e-03 1.001411816105246544e-03
3.926311300000000000e+07 1.098902197554707527e-03 1.421268447302281857e-03 1.191726885735988617e-03 1.007642364129424095e-03
3.926326900000000000e+07 1.094832201488316059e-03 1.418846193701028824e-03 1.190892886370420456e-03 1.008866354823112488e-03
3.926342600000000000e+07 1.099481247365474701e-03 1.421988476067781448e-03 1.191833172924816608e-03 1.007417216897010803e-03
3.926357700000000000e+07 1.102415262721478939e-03 1.424539252184331417e-03 1.192457042634487152e-03 1.006044913083314896e-03
3.926375900000000000e+07 1.099857036024332047e-03 1.422515721060335636e-03 1.191929448395967484e-03 1.007042359560728073e-03
3.926391000000000000e+07 1.088201999664306641e-03 1.413732883520424366e-03 1.189546776004135609e-03 1.011392800137400627e-03
3.926408300000000000e+07 1.107078976929187775e-03 1.428049406968057156e-03 1.193393953144550323e-03 1.004318473860621452e-03
3.926426300000000000e+07 1.103006303310394287e-03 1.424992573447525501e-03 1.192567171528935432e-03 1.005823025479912758e-03
3.926442500000000000e+07 1.103348331525921822e-03 1.425158698111772537e-03 1.192648545838892460e-03 1.005763188004493713e-03
3.926460500000000000e+07 4.157257266342639923e-03 3.167411778122186661e-03 9.682858362793922424e-04 2.654994605109095573e-04
3.926477800000000000e+07 1.744536459445953369e-01 3.017497658729553223e-01 -3.532533943653106689e-01 -3.200003802776336670e-01
3.926493300000000000e+07 1.641858369112014771e-01 3.741604983806610107e-01 -7.490260004997253418e-01 1.939282566308975220e-01
3.926509800000000000e+07 8.802573382854461670e-02 1.209500432014465332e-01 -1.169101715087890625e+00 -3.914918005466461182e-01
3.926525800000000000e+07 7.159996777772903442e-02 9.230519831180572510e-02 -1.200761437416076660e+00 -4.849202334880828857e-01
3.926543100000000000e+07 8.878522366285324097e-02 1.125678271055221558e-01 -1.410261869430541992e+00 4.129328429698944092e-01
3.926558500000000000e+07 1.030127629637718201e-01 1.297302544116973877e-01 -1.262748599052429199e+00 -2.616701126098632812e-01
3.926573700000000000e+07 1.480665504932403564e-01 1.559784710407257080e-01 -1.081232905387878418e+00 -4.851553961634635925e-02
3.926589600000000000e+07 1.022232025861740112e-01 1.440083682537078857e-01 -1.175274968147277832e+00 2.790804803371429443e-01
3.926605300000000000e+07 1.181335300207138062e-01 1.176138371229171753e-01 -6.223936676979064941e-01 8.413722515106201172e-01
3.926619900000000000e+07 1.860577464103698730e-01 1.010263413190841675e-01 -3.068267107009887695e-01 9.716762304306030273e-01
3.926635500000000000e+07 1.668496429920196533e-01 7.626352459192276001e-02 -1.055397838354110718e-01 1.264585137367248535e+00
3.926651600000000000e+07 1.380569487810134888e-01 8.473128080368041992e-02 2.039290964603424072e-01 1.123024821281433105e+00
3.926670800000000000e+07 1.451361775398254395e-01 7.246378809213638306e-02 5.521482229232788086e-01 1.310771822929382324e+00
3.926688600000000000e+07 1.938251554965972900e-01 7.845037430524826050e-02 1.851160526275634766e-01 1.487700700759887695e+00
3.926703700000000000e+07 1.444162726402282715e-01 6.030207499861717224e-02 2.461659759283065796e-01 1.415886640548706055e+00
3.926718000000000000e+07 1.293408870697021484e-01 7.459684461355209351e-02 3.265125155448913574e-01 1.202068567276000977e+00
3.926732200000000000e+07 1.752368211746215820e-01 8.966566622257232666e-02 4.705996513366699219e-01 1.252838730812072754e+00
3.926748600000000000e+07 1.181645765900611877e-01 7.824674993753433228e-02 5.942840576171875000e-01 1.331904530525207520e+00
3.926766800000000000e+07 2.000131756067276001e-01 8.489695936441421509e-02 3.770507499575614929e-02 1.490827441215515137e+00
3.926784100000000000e+07 2.061442583799362183e-01 9.095286577939987183e-02 1.670164465904235840e-01 1.352656960487365723e+00
3.926801900000000000e+07 1.590926051139831543e-01 7.601155340671539307e-02 1.597746163606643677e-01 1.319497704505920410e+00
3.926817400000000000e+07 1.459132730960845947e-01 6.602250039577484131e-02 1.441052109003067017e-01 1.464138627052307129e+00
3.926833700000000000e+07 2.020673602819442749e-01 7.651022821664810181e-02 8.879294246435165405e-02 1.420928716659545898e+00
3.926851300000000000e+07 1.428930759429931641e-01 6.761948019266128540e-02 3.029173016548156738e-01 1.472699165344238281e+00
3.926867100000000000e+07 1.529410332441329956e-01 6.932776421308517456e-02 4.860779941082000732e-01 1.493351578712463379e+00
3.926881200000000000e+07 1.579584330320358276e-01 6.623189151287078857e-02 1.487735211849212646e-01 1.270468115806579590e+00
3.926897100000000000e+07 1.237904950976371765e-01 6.225960329174995422e-02 4.447405934333801270e-01 1.466019630432128906e+00
3.926913200000000000e+07 1.924961060285568237e-01 1.493154466152191162e-01 2.344575822353363037e-01 5.941927805542945862e-02
3.926930600000000000e+07 9.028431773185729980e-02 1.023185998201370239e-01 1.015709638595581055e+00 -5.438538193702697754e-01
3.926948200000000000e+07 9.107507765293121338e-02 1.454662680625915527e-01 1.139847755432128906e+00 -3.401891887187957764e-01
3.926963400000000000e+07 8.756055682897567749e-02 1.514824926853179932e-01 1.217635869979858398e+00 -2.525691390037536621e-01
3.926978100000000000e+07 8.298774063587188721e-02 1.577339470386505127e-01 1.244620323181152344e+00 -1.696946173906326294e-01
3.926998400000000000e+07 8.238237351179122925e-02 1.158287003636360168e-01 1.300329089164733887e+00 -4.439225494861602783e-01
3.927013700000000000e+07 9.001849591732025146e-02 1.172308623790740967e-01 1.216921210289001465e+00 -4.362297654151916504e-01
3.927030300000000000e+07 7.634750008583068848e-02 1.460066884756088257e-01 1.282640695571899414e+00 3.202162981033325195e-01
3.927045400000000000e+07 8.254115283489227295e-02 1.485730856657028198e-01 1.334540009498596191e+00 -1.915445476770401001e-01
3.927062700000000000e+07 9.175129979848861694e-02 1.373109519481658936e-01 1.159270286560058594e+00 6.532801389694213867e-01
3.927078300000000000e+07 9.388232976198196411e-02 1.644807606935501099e-01 1.306920886039733887e+00 -1.648637205362319946e-01
3.927095100000000000e+07 1.025990843772888184e-01 1.422112286090850830e-01 1.234111547470092773e+00 -4.539535641670227051e-01
3.927110000000000000e+07 9.253037720918655396e-02 1.213699355721473694e-01 1.182133436203002930e+00 -3.744548559188842773e-01
3.927126400000000000e+07 9.452414512634277344e-02 1.356550157070159912e-01 1.291683673858642578e+00 5.053703784942626953e-01
3.927142700000000000e+07 1.199791729450225830e-01 1.665931642055511475e-01 1.118089914321899414e+00 -2.842248678207397461e-01
3.927158700000000000e+07 1.112885326147079468e-01 1.804708540439605713e-01 1.277771711349487305e+00 -2.458342611789703369e-01
3.927175300000000000e+07 8.599732071161270142e-02 1.400090754032135010e-01 1.234132528305053711e+00 3.311986029148101807e-01
3.927191200000000000e+07 1.024573445320129395e-01 1.093190759420394897e-01 1.163877367973327637e+00 -6.113918423652648926e-01
3.927206200000000000e+07 8.620280027389526367e-02 1.394520401954650879e-01 1.157997131347656250e+00 -2.270648926496505737e-01
3.927223100000000000e+07 9.710946679115295410e-02 1.720616370439529419e-01 1.366695165634155273e+00 2.795086503028869629e-01
3.927238900000000000e+07 8.334120362997055054e-02 1.352123022079467773e-01 1.243178129196166992e+00 3.424702882766723633e-01
3.927253300000000000e+07 9.078321605920791626e-02 1.555537283420562744e-01 1.244344592094421387e+00 1.524982154369354248e-01
3.927269000000000000e+07 1.042275130748748779e-01 1.148524209856987000e-01 1.197170019149780273e+00 -5.532726049423217773e-01
3.927285400000000000e+07 1.426101177930831909e-01 1.176542639732360840e-01 1.158833146095275879e+00 -6.613730788230895996e-01
3.927301300000000000e+07 7.507340610027313232e-02 1.448772698640823364e-01 1.232650041580200195e+00 -9.891594760119915009e-03
3.927315800000000000e+07 1.086073666810989380e-01 1.649574041366577148e-01 1.276699900627136230e+00 -2.228622287511825562e-01
3.927330700000000000e+07 1.091688796877861023e-01 1.509188860654830933e-01 1.234537124633789062e+00 1.260267943143844604e-01
3.927344700000000000e+07 9.074117988348007202e-02 1.462276428937911987e-01 1.188794136047363281e+00 -1.976783722639083862e-01
3.927360600000000000e+07 1.381250768899917603e-01 1.255378872156143188e-01 1.223750114440917969e+00 -6.100591421127319336e-01
3.927378700000000000e+07 1.201978027820587158e-01 1.216554567217826843e-01 1.155434608459472656e+00 8.671692013740539551e-01
3.927392600000000000e+07 1.219354793429374695e-01 1.608513295650482178e-01 1.177805066108703613e+00 -1.146483644843101501e-01
3.927407700000000000e+07 1.152131110429763794e-01 1.745084524154663086e-01 1.287055253982543945e+00 1.387826204299926758e-01
3.927423800000000000e+07 9.779164195060729980e-02 1.739922761917114258e-01 1.293947339057922363e+00 2.817296981811523438e-01
3.927439500000000000e+07 1.842215955257415771e-01 2.028346359729766846e-01 -3.180260658264160156e-01 -1.747993677854537964e-01
3.927455100000000000e+07 1.965623497962951660e-01 1.600235402584075928e-01 -5.166527628898620605e-01 9.636725187301635742e-01
3.927473600000000000e+07 9.944175928831100464e-02 1.190451979637145996e-01 -1.211646080017089844e+00 -3.186163306236267090e-01
3.927489500000000000e+07 1.169775202870368958e-01 1.041871309280395508e-01 -1.171407580375671387e+00 8.905049562454223633e-01
3.927504500000000000e+07 6.746450811624526978e-02 1.212188228964805603e-01 -1.226787924766540527e+00 5.473176240921020508e-01
3.927520600000000000e+07 7.873670011758804321e-02 1.117468103766441345e-01 -1.434834480285644531e+00 5.659018158912658691e-01
3.927535400000000000e+07 9.362652152776718140e-02 1.032084301114082336e-01 -9.904966354370117188e-01 8.151769042015075684e-01
3.927550700000000000e+07 5.683370307087898254e-02 1.079764813184738159e-01 -1.249462604522705078e+00 3.521364331245422363e-01
3.927567700000000000e+07 6.973844766616821289e-02 1.289712339639663696e-01 -1.221803545951843262e+00 4.277092516422271729e-01
3.927583800000000000e+07 6.653030216693878174e-02 1.231219470500946045e-01 -1.328623175621032715e+00 2.726370096206665039e-02
3.927600900000000000e+07 6.001499295234680176e-02 1.019531413912773132e-01 -1.305522322654724121e+00 5.755995512008666992e-01
3.927618800000000000e+07 1.499671787023544312e-01 1.180482134222984314e-01 -1.057399511337280273e+00 8.278061151504516602e-01
3.927634100000000000e+07 1.057419925928115845e-01 1.149816811084747314e-01 -1.172097682952880859e+00 7.519009709358215332e-01
3.927648500000000000e+07 8.826022595167160034e-02 1.218289136886596680e-01 -1.080241560935974121e+00 7.006961107254028320e-01
3.927662500000000000e+07 6.098353117704391479e-02 9.784448891878128052e-02 -1.288890719413757324e+00 4.962896704673767090e-01
3.927679800000000000e+07 9.199818968772888184e-02 1.406835168600082397e-01 -1.243414163589477539e+00 4.837983250617980957e-01
3.927694000000000000e+07 6.691384315490722656e-02 1.177872642874717712e-01 -1.326646804809570312e+00 2.732187807559967041e-01
3.927708900000000000e+07 8.596165478229522705e-02 1.259092837572097778e-01 -1.114517927169799805e+00 -2.762746810913085938e-01
3.927723900000000000e+07 6.445194780826568604e-02 1.087433323264122009e-01 -1.242912173271179199e+00 8.478575199842453003e-02
3.927739500000000000e+07 6.757017225027084351e-02 1.167109161615371704e-01 -1.232857227325439453e+00 -2.350555807352066040e-01
3.927754400000000000e+07 7.024371623992919922e-02 9.676489979028701782e-02 -1.189889430999755859e+00 -3.202907145023345947e-01
3.927770300000000000e+07 1.915062665939331055e-01 6.147814542055130005e-02 -1.513884812593460083e-01 -1.249136567115783691e+00
3.927786500000000000e+07 1.782921105623245239e-01 4.674731567502021790e-02 3.274371325969696045e-01 -1.418629765510559082e+00
3.927802900000000000e+07 1.863172501325607300e-01 5.384081974625587463e-02 -1.740801781415939331e-01 -1.221035718917846680e+00
3.927818100000000000e+07 1.714260131120681763e-01 7.172463089227676392e-02 3.115074336528778076e-01 -1.155106067657470703e+00
3.927834600000000000e+07 1.853569298982620239e-01 4.962331429123878479e-02 -2.006222158670425415e-01 -1.339739322662353516e+00
3.927850300000000000e+07 1.558261513710021973e-01 6.101533025503158569e-02 5.469255447387695312e-01 -1.352178096771240234e+00
3.927865300000000000e+07 1.659348309040069580e-01 5.903792753815650940e-02 -4.098528325557708740e-01 -1.304190993309020996e+00
3.927879900000000000e+07 1.717602759599685669e-01 6.514457613229751587e-02 3.614912331104278564e-01 -1.262955188751220703e+00
3.927895400000000000e+07 1.668975055217742920e-01 5.549740791320800781e-02 4.153104424476623535e-01 -1.320398211479187012e+00
3.927910200000000000e+07 1.761455535888671875e-01 6.032124161720275879e-02 2.166053839027881622e-02 -1.212192535400390625e+00
3.927925500000000000e+07 1.903631687164306641e-01 5.454110354185104370e-02 1.774344593286514282e-01 -1.277531862258911133e+00
3.927940100000000000e+07 1.894950717687606812e-01 5.664892494678497314e-02 -8.393661677837371826e-02 -1.227794647216796875e+00
3.927958200000000000e+07 1.417374312877655029e-01 9.056926518678665161e-02 8.046447038650512695e-01 -1.133821964263916016e+00
3.927975400000000000e+07 1.883743107318878174e-01 4.889416322112083435e-02 -3.137980401515960693e-01 -1.303609967231750488e+00
3.927990300000000000e+07 1.486397087574005127e-01 6.785483658313751221e-02 -6.037632226943969727e-01 -1.078624248504638672e+00
3.928005800000000000e+07 1.701422780752182007e-01 4.867556691169738770e-02 1.500490456819534302e-01 -1.256484866142272949e+00
3.928021100000000000e+07 1.766151189804077148e-01 4.975477978587150574e-02 -3.816338479518890381e-01 -1.265904784202575684e+00
3.928037500000000000e+07 1.887321770191192627e-01 1.067332029342651367e-01 -3.093775212764739990e-01 -1.075847148895263672e+00
3.928051500000000000e+07 1.777717620134353638e-01 6.531076878309249878e-02 2.438067197799682617e-01 -1.241973161697387695e+00
3.928067000000000000e+07 1.813218146562576294e-01 6.878506392240524292e-02 -1.466919854283332825e-02 -1.345570921897888184e+00
3.928082700000000000e+07 1.787371337413787842e-01 6.801234185695648193e-02 2.987667620182037354e-01 -1.329607367515563965e+00
3.928097200000000000e+07 1.656500846147537231e-01 9.340362250804901123e-02 5.652264952659606934e-01 -1.152666449546813965e+00
3.928114700000000000e+07 1.657801568508148193e-01 8.021238446235656738e-02 9.877308458089828491e-02 -1.293066382408142090e+00
3.928128500000000000e+07 1.632470339536666870e-01 6.858259439468383789e-02 -3.757539391517639160e-01 -1.193773508071899414e+00
3.928143000000000000e+07 1.511950343847274780e-01 5.906491726636886597e-02 -4.676240682601928711e-01 -1.137354969978332520e+00
3.928161000000000000e+07 1.751172244548797607e-01 5.691223964095115662e-02 -4.077452123165130615e-01 -1.301295876502990723e+00
3.928175300000000000e+07 1.732986271381378174e-01 6.789056211709976196e-02 -4.975770413875579834e-01 -1.198398828506469727e+00
3.928191100000000000e+07 1.620243042707443237e-01 6.132233142852783203e-02 4.099474847316741943e-01 -1.246873974800109863e+00
3.928208700000000000e+07 1.770625263452529907e-01 7.250700891017913818e-02 -1.736714690923690796e-01 -1.161219000816345215e+00
3.928224800000000000e+07 1.129626035690307617e-01 1.281548440456390381e-01 -5.728522539138793945e-01 -2.505518496036529541e-01
3.928240700000000000e+07 1.250582784414291382e-01 1.186855435371398926e-01 -5.214666128158569336e-01 6.356238126754760742e-01
3.928255500000000000e+07 1.725210547447204590e-01 6.126124039292335510e-02 -4.829927813261747360e-03 1.457693696022033691e+00
3.928272300000000000e+07 1.392932087182998657e-01 5.396806076169013977e-02 2.155271619558334351e-01 1.418564558029174805e+00
3.928286700000000000e+07 1.558540165424346924e-01 5.734113976359367371e-02 2.424296289682388306e-01 1.380552649497985840e+00
3.928302700000000000e+07 1.298618912696838379e-01 7.577619701623916626e-02 4.699019789695739746e-01 1.336122632026672363e+00
3.928317400000000000e+07 1.182154417037963867e-01 7.875011116266250610e-02 5.861194133758544922e-01 1.270171165466308594e+00
3.928333600000000000e+07 2.107436805963516235e-01 7.678640633821487427e-02 -3.551312088966369629e-01 1.380708456039428711e+00
3.928348200000000000e+07 1.101653352379798889e-01 1.122638359665870667e-01 -8.840074539184570312e-01 8.708707690238952637e-01
3.928364300000000000e+07 6.047143787145614624e-02 1.248859465122222900e-01 -1.253799438476562500e+00 3.261148333549499512e-01
3.928379400000000000e+07 6.183905526995658875e-02 1.067348495125770569e-01 -1.257989048957824707e+00 4.331717491149902344e-01
3.928394900000000000e+07 5.875382572412490845e-02 9.412882477045059204e-02 -1.249254345893859863e+00 5.510931611061096191e-01
3.928409700000000000e+07 7.854215800762176514e-02 1.072448939085006714e-01 -1.177474379539489746e+00 6.964590549468994141e-01
3.928425400000000000e+07 6.778674572706222534e-02 1.164837256073951721e-01 -1.169701933860778809e+00 5.651476979255676270e-01
3.928438700000000000e+07 7.597155123949050903e-02 1.095359474420547485e-01 -1.285983800888061523e+00 -3.048608899116516113e-01
3.928455400000000000e+07 6.461974233388900757e-02 1.304818242788314819e-01 -1.258040428161621094e+00 3.470071256160736084e-01
3.928471700000000000e+07 1.256738603115081787e-01 1.409812420606613159e-01 -1.266143321990966797e+00 7.572461850941181183e-03
3.928488600000000000e+07 8.706934750080108643e-02 1.194162219762802124e-01 -1.189940214157104492e+00 6.101859211921691895e-01
3.928502700000000000e+07 9.476947039365768433e-02 1.193793267011642456e-01 -1.173804044723510742e+00 6.598356962203979492e-01
3.928517900000000000e+07 9.583061933517456055e-02 1.093512102961540222e-01 -1.109485983848571777e+00 9.952870607376098633e-01
3.928532600000000000e+07 8.078745752573013306e-02 1.122098490595817566e-01 -1.110460519790649414e+00 7.559968829154968262e-01
3.928547800000000000e+07 8.379375934600830078e-02 1.214990243315696716e-01 -1.258062839508056641e+00 5.451104044914245605e-01
3.928561900000000000e+07 1.340181231498718262e-01 1.331660598516464233e-01 -3.935179114341735840e-01 2.456420063972473145e-01
3.928577800000000000e+07 1.583946049213409424e-01 8.705533295869827271e-02 8.238671720027923584e-02 1.123058795928955078e+00
3.928592500000000000e+07 1.551394909620285034e-01 7.112015038728713989e-02 1.609108895063400269e-01 1.437148690223693848e+00
3.928607000000000000e+07 1.961542963981628418e-01 7.195117324590682983e-02 -6.668869405984878540e-02 1.442079067230224609e+00
3.928621400000000000e+07 1.694937646389007568e-01 6.423784047365188599e-02 -2.046468108892440796e-02 1.379288077354431152e+00
3.928636700000000000e+07 1.656763851642608643e-01 6.062206998467445374e-02 1.012417003512382507e-01 1.313055396080017090e+00
3.928651100000000000e+07 1.366338282823562622e-01 6.165304780006408691e-02 1.791456490755081177e-01 1.290599465370178223e+00
3.928666400000000000e+07 1.427983045578002930e-01 6.955500692129135132e-02 1.077833771705627441e-01 1.250729203224182129e+00
3.928681200000000000e+07 1.482972055673599243e-01 7.369292527437210083e-02 2.282825559377670288e-01 1.385525941848754883e+00
3.928696600000000000e+07 1.658323109149932861e-01 6.686135381460189819e-02 -1.514435410499572754e-01 1.317559003829956055e+00
3.928711400000000000e+07 2.266728579998016357e-01 9.636219590902328491e-02 -5.037245154380798340e-01 9.150461554527282715e-01
3.928725400000000000e+07 9.275007247924804688e-02 1.186664998531341553e-01 -1.050564527511596680e+00 5.028741359710693359e-01
3.928740400000000000e+07 7.896718382835388184e-02 1.217127218842506409e-01 -1.100314021110534668e+00 4.587417542934417725e-01
3.928756400000000000e+07 1.202220693230628967e-01 1.168792918324470520e-01 -8.283841013908386230e-01 -1.252032220363616943e-01
3.928771700000000000e+07 8.511317521333694458e-02 1.538421362638473511e-01 1.580381989479064941e-01 2.213502973318099976e-01
3.928785700000000000e+07 9.796074032783508301e-02 1.471400707960128784e-01 8.335101604461669922e-01 2.494762986898422241e-01
3.928801800000000000e+07 8.124919980764389038e-02 1.343396306037902832e-01 1.270181059837341309e+00 -2.815479636192321777e-01
3.928816400000000000e+07 8.279912918806076050e-02 1.137742176651954651e-01 1.138256549835205078e+00 4.450047612190246582e-01
3.928830700000000000e+07 1.793043613433837891e-01 6.946307420730590820e-02 3.748011887073516846e-01 1.281858801841735840e+00
3.928846500000000000e+07 1.584042906761169434e-01 7.265006750822067261e-02 4.343634545803070068e-01 1.341607332229614258e+00
3.928862000000000000e+07 1.641295552253723145e-01 7.724048197269439697e-02 9.672761708498001099e-02 1.299490213394165039e+00
3.928878300000000000e+07 1.983976960182189941e-01 7.063072919845581055e-02 7.858342677354812622e-02 1.408189177513122559e+00
3.928893100000000000e+07 1.612465828657150269e-01 6.608768552541732788e-02 3.357068821787834167e-02 1.380670070648193359e+00
3.928907500000000000e+07 1.766899675130844116e-01 6.789308786392211914e-02 3.757900744676589966e-02 1.411033868789672852e+00
3.928923200000000000e+07 1.736157387495040894e-01 7.676728069782257080e-02 -3.537211101502180099e-03 1.361648797988891602e+00
3.928938500000000000e+07 1.442386955022811890e-01 5.664191022515296936e-02 3.162091672420501709e-01 1.517959833145141602e+00
3.928956000000000000e+07 1.750155538320541382e-01 6.297546625137329102e-02 3.231537062674760818e-03 1.506197571754455566e+00
3.928971600000000000e+07 2.252752035856246948e-01 7.788833230733871460e-02 -1.097707897424697876e-01 1.207001686096191406e+00
3.928987800000000000e+07 1.526747941970825195e-01 6.487714499235153198e-02 3.038821220397949219e-01 1.257366180419921875e+00
3.929002500000000000e+07 1.737078130245208740e-01 6.148443371057510376e-02 4.973537474870681763e-02 1.401550412178039551e+00
3.929017400000000000e+07 1.088705807924270630e-01 1.434772908687591553e-01 8.417800664901733398e-01 6.183143854141235352e-01
3.929031700000000000e+07 8.701577037572860718e-02 1.600183248519897461e-01 1.177396774291992188e+00 -6.345938146114349365e-02
3.929047700000000000e+07 7.799223065376281738e-02 1.252366006374359131e-01 1.319167375564575195e+00 3.409171104431152344e-01
3.929063400000000000e+07 7.891299575567245483e-02 1.626583039760589600e-01 1.319366574287414551e+00 -1.769866347312927246e-01
3.929079600000000000e+07 7.871014624834060669e-02 1.334348022937774658e-01 1.286393642425537109e+00 2.257082313299179077e-01
3.929096200000000000e+07 8.759628981351852417e-02 1.389675885438919067e-01 1.214751720428466797e+00 -3.579729795455932617e-01
3.929110200000000000e+07 7.909582555294036865e-02 1.504771858453750610e-01 1.255925416946411133e+00 4.370400682091712952e-02
3.929125700000000000e+07 8.189585059881210327e-02 1.285739243030548096e-01 1.327713370323181152e+00 -3.799161016941070557e-01
3.929140200000000000e+07 7.868043333292007446e-02 1.277255266904830933e-01 1.250530600547790527e+00 -1.131873801350593567e-01
3.929154300000000000e+07 7.760629057884216309e-02 1.302770376205444336e-01 1.248657226562500000e+00 2.414692193269729614e-01
3.929167700000000000e+07 7.534857839345932007e-02 1.538632065057754517e-01 1.219801187515258789e+00 -2.141541689634323120e-01
3.929181600000000000e+07 7.730855047702789307e-02 1.222472339868545532e-01 1.175765395164489746e+00 -3.511395156383514404e-01
3.929197200000000000e+07 8.720547705888748169e-02 1.638972610235214233e-01 1.206227898597717285e+00 -9.098716825246810913e-02
3.929211700000000000e+07 9.971860051155090332e-02 9.491020441055297852e-02 1.116970658302307129e+00 -6.604567766189575195e-01
3.929225800000000000e+07 1.275949031114578247e-01 1.435703635215759277e-01 1.202936410903930664e+00 -3.942112922668457031e-01
3.929240100000000000e+07 8.944685012102127075e-02 1.589014530181884766e-01 1.206011176109313965e+00 -2.574249804019927979e-01
3.929257800000000000e+07 9.385953098535537720e-02 1.274935305118560791e-01 1.213424324989318848e+00 -3.792758285999298096e-01
3.929270600000000000e+07 8.356316387653350830e-02 1.342379599809646606e-01 1.181302189826965332e+00 6.025697663426399231e-02
3.929287900000000000e+07 8.145853132009506226e-02 1.306410729885101318e-01 1.312719106674194336e+00 -3.660781681537628174e-01
3.929305400000000000e+07 1.014968976378440857e-01 1.325320005416870117e-01 1.435820937156677246e+00 -5.286704897880554199e-01
3.929319800000000000e+07 9.058325737714767456e-02 1.478978246450424194e-01 1.259981989860534668e+00 -4.529047608375549316e-01
3.929335500000000000e+07 9.042986482381820679e-02 1.529768854379653931e-01 1.273591518402099609e+00 -4.107738733291625977e-01
3.929351300000000000e+07 1.196867376565933228e-01 1.001591682434082031e-01 9.860322475433349609e-01 -7.958281636238098145e-01
3.929366800000000000e+07 1.094027534127235413e-01 1.015627905726432800e-01 1.258312582969665527e+00 -5.512706637382507324e-01
3.929382400000000000e+07 9.675079584121704102e-02 1.299128532409667969e-01 1.295000672340393066e+00 -4.684640169143676758e-01
3.929400900000000000e+07 1.249193698167800903e-01 6.833361834287643433e-02 9.349684715270996094e-01 -1.003015756607055664e+00
3.929415200000000000e+07 8.937171846628189087e-02 1.234932094812393188e-01 1.249116063117980957e+00 -3.941189944744110107e-01
3.929431300000000000e+07 8.233151584863662720e-02 1.474833339452743530e-01 1.180694818496704102e+00 4.842456057667732239e-02
3.929445300000000000e+07 1.242426410317420959e-01 8.173074573278427124e-02 7.968817353248596191e-01 -9.705304503440856934e-01
3.929461300000000000e+07 8.609817922115325928e-02 1.260286122560501099e-01 1.217064023017883301e+00 -3.776601850986480713e-01
3.929476000000000000e+07 1.059235259890556335e-01 8.137840777635574341e-02 9.882498383522033691e-01 -7.844833731651306152e-01
3.929492800000000000e+07 8.638978749513626099e-02 1.437986344099044800e-01 1.146969199180603027e+00 -3.413405418395996094e-01
3.929507800000000000e+07 1.900517046451568604e-01 1.855141222476959229e-01 -4.072623848915100098e-01 -2.400465309619903564e-01
3.929526500000000000e+07 1.826609075069427490e-01 1.178195029497146606e-01 -8.948375582695007324e-01 9.180855751037597656e-01
3.929541900000000000e+07 1.145862713456153870e-01 1.068345233798027039e-01 -7.616016864776611328e-01 1.078740715980529785e+00
3.929556500000000000e+07 1.105316057801246643e-01 1.066155657172203064e-01 -9.236860275268554688e-01 9.942852854728698730e-01
3.929572600000000000e+07 8.517668396234512329e-02 9.639995545148849487e-02 -1.044829130172729492e+00 1.087582707405090332e+00
3.929589100000000000e+07 7.121974974870681763e-02 1.016122475266456604e-01 -1.120244979858398438e+00 8.917853236198425293e-01
3.929603800000000000e+07 1.100934892892837524e-01 9.553760290145874023e-02 -7.759656906127929688e-01 1.123334646224975586e+00
3.929620300000000000e+07 9.588548541069030762e-02 1.035380586981773376e-01 -9.809452295303344727e-01 9.923045635223388672e-01
3.929636400000000000e+07 9.153833985328674316e-02 1.257188469171524048e-01 -1.249194383621215820e+00 5.434069633483886719e-01
3.929651800000000000e+07 6.807924062013626099e-02 1.065458953380584717e-01 -1.287427186965942383e+00 3.390504419803619385e-01
3.929667500000000000e+07 8.201301097869873047e-02 1.147827059030532837e-01 -1.262590169906616211e+00 -3.401251435279846191e-01
3.929683800000000000e+07 7.989261299371719360e-02 1.017340794205665588e-01 -1.153560400009155273e+00 9.494138956069946289e-01
3.929699600000000000e+07 1.336210072040557861e-01 1.092602014541625977e-01 -1.057080626487731934e+00 9.837425947189331055e-01
3.929713900000000000e+07 8.699560910463333130e-02 1.093782112002372742e-01 -1.156125068664550781e+00 5.809160470962524414e-01
3.929728100000000000e+07 8.848554641008377075e-02 1.142508462071418762e-01 -1.268306016921997070e+00 2.173178791999816895e-01
3.929745700000000000e+07 1.078399568796157837e-01 1.183822602033615112e-01 -1.282663106918334961e+00 6.874387860298156738e-01
3.929761200000000000e+07 6.616467982530593872e-02 1.244723275303840637e-01 -1.254304766654968262e+00 4.656168222427368164e-01
3.929775200000000000e+07 8.654332160949707031e-02 1.086677461862564087e-01 -1.024507403373718262e+00 -6.098684072494506836e-01
3.929790000000000000e+07 1.551500707864761353e-01 1.073894649744033813e-01 -8.512386679649353027e-01 -8.815090060234069824e-01
3.929804100000000000e+07 1.712549179792404175e-01 6.648507714271545410e-02 3.657007515430450439e-01 -1.233407497406005859e+00
3.929819100000000000e+07 1.754372566938400269e-01 5.400110781192779541e-02 -3.436186313629150391e-01 -1.306198000907897949e+00
3.929835200000000000e+07 1.660291105508804321e-01 9.717267006635665894e-02 3.676661849021911621e-01 -1.254698872566223145e+00
3.929852000000000000e+07 1.680256426334381104e-01 6.081288307905197144e-02 1.517228782176971436e-01 -1.129037618637084961e+00
3.929867500000000000e+07 1.817622333765029907e-01 8.302611857652664185e-02 -4.429936408996582031e-01 -1.210180282592773438e+00
3.929882800000000000e+07 1.719857007265090942e-01 8.689003437757492065e-02 1.467382311820983887e-01 -1.307290792465209961e+00
3.929898400000000000e+07 1.777317076921463013e-01 5.513155832886695862e-02 -6.470657140016555786e-02 -1.313412189483642578e+00
3.929913300000000000e+07 1.730263829231262207e-01 8.384554833173751831e-02 5.338102206587791443e-02 -1.230152964591979980e+00
3.929928300000000000e+07 1.620459705591201782e-01 9.439280629158020020e-02 2.065228670835494995e-01 -1.242585897445678711e+00
3.929942100000000000e+07 1.772121042013168335e-01 9.326197206974029541e-02 2.020218223333358765e-01 -1.213247895240783691e+00
3.929957000000000000e+07 1.258844882249832153e-01 8.153682202100753784e-02 -8.767333030700683594e-01 -8.698628544807434082e-01
3.929971900000000000e+07 1.772449910640716553e-01 6.026873365044593811e-02 2.803430557250976562e-01 -1.295179009437561035e+00
3.929986900000000000e+07 1.775379925966262817e-01 7.037876546382904053e-02 2.591390609741210938e-01 -1.253706336021423340e+00
3.930001800000000000e+07 1.742475777864456177e-01 1.258241534233093262e-01 -2.072663456201553345e-01 -1.011458277702331543e+00
3.930016700000000000e+07 1.706583797931671143e-01 1.090294718742370605e-01 -1.014802977442741394e-01 -1.379127144813537598e+00
3.930033900000000000e+07 1.877939403057098389e-01 5.860102549195289612e-02 1.723553091287612915e-01 -1.272091627120971680e+00
3.930049200000000000e+07 1.855272948741912842e-01 6.412827968597412109e-02 2.681102454662322998e-01 -1.366848707199096680e+00
3.930063600000000000e+07 1.618384867906570435e-01 6.618413329124450684e-02 4.931276440620422363e-01 -1.263460755348205566e+00
3.930078800000000000e+07 1.812855899333953857e-01 9.246701747179031372e-02 -1.403672248125076294e-01 -1.211760401725769043e+00
3.930095300000000000e+07 1.568207889795303345e-01 6.085842475295066833e-02 5.038651823997497559e-01 -1.172644495964050293e+00
3.930109400000000000e+07 8.846904337406158447e-02 7.365392148494720459e-02 -9.559524655342102051e-01 -7.340353727340698242e-01
3.930125100000000000e+07 1.303280889987945557e-01 1.490275412797927856e-01 -1.062034130096435547e+00 -4.155678749084472656e-01
3.930138700000000000e+07 1.184171363711357117e-01 1.228247508406639099e-01 -1.049453735351562500e+00 6.688377261161804199e-01
3.930154400000000000e+07 1.605443060398101807e-01 1.537769734859466553e-01 -1.178312420845031738e+00 -2.777802348136901855e-01
3.930170000000000000e+07 1.189111247658729553e-01 1.425801813602447510e-01 -9.836305379867553711e-01 8.136671185493469238e-01
3.930184500000000000e+07 1.375901252031326294e-01 1.271504163742065430e-01 -7.081793546676635742e-01 3.528592288494110107e-01
3.930199400000000000e+07 1.203561723232269287e-01 1.155932173132896423e-01 4.642434120178222656e-01 7.200751900672912598e-01
3.930215900000000000e+07 1.293244063854217529e-01 6.734776496887207031e-02 4.667003750801086426e-01 1.323221802711486816e+00
3.930231500000000000e+07 1.907435506582260132e-01 7.601351290941238403e-02 2.100641727447509766e-01 1.288606762886047363e+00
3.930247100000000000e+07 1.971534043550491333e-01 1.096867024898529053e-01 -2.969005107879638672e-01 1.030420899391174316e+00
3.930262300000000000e+07 1.890533566474914551e-01 1.079695224761962891e-01 -7.603598237037658691e-01 1.061382651329040527e+00
3.930277600000000000e+07 9.197445213794708252e-02 1.177151203155517578e-01 -1.074971199035644531e+00 7.266419529914855957e-01
3.930292400000000000e+07 7.722238451242446899e-02 1.026361808180809021e-01 -1.064427614212036133e+00 6.574816107749938965e-01
3.930306600000000000e+07 8.677519112825393677e-02 1.100737079977989197e-01 -8.808603286743164062e-01 -5.386803746223449707e-01
3.930322200000000000e+07 1.200492158532142639e-01 7.067380100488662720e-02 3.170899674296379089e-02 1.213459530845284462e-03
3.930338800000000000e+07 1.568814665079116821e-01 1.619458794593811035e-01 -3.105356171727180481e-02 7.983768731355667114e-02
3.930355700000000000e+07 1.010737791657447815e-01 8.375805616378784180e-02 -1.063183136284351349e-02 -1.340063638053834438e-03
3.930371000000000000e+07 1.255972385406494141e-01 1.484826505184173584e-01 -6.685381531715393066e-01 1.952739804983139038e-01
3.930386900000000000e+07 1.006420478224754333e-01 1.020247787237167358e-01 -8.319509029388427734e-01 3.109426200389862061e-01
3.930401200000000000e+07 1.073001767508685589e-03 1.309690298512578011e-03 1.180570805445313454e-03 1.060365000739693642e-03
3.930417700000000000e+07 1.560800359584391117e-03 1.590567175298929214e-03 1.253959373570978642e-03 9.264589753001928329e-04
3.930432500000000000e+07 1.184605644084513187e-03 1.477782148867845535e-03 1.206696848385035992e-03 9.773636702448129654e-04
3.930448200000000000e+07 1.192917930893599987e-03 1.484688953496515751e-03 1.207289053127169609e-03 9.740777313709259033e-04
3.930464800000000000e+07 1.194484299048781395e-03 1.486183144152164459e-03 1.207450171932578087e-03 9.732041507959365845e-04
3.930480700000000000e+07 1.182831823825836182e-03 1.478889025747776031e-03 1.206390908919274807e-03 9.775056969374418259e-04
3.930494800000000000e+07 1.191730261780321598e-03 1.484474283643066883e-03 1.207225956022739410e-03 9.741864632815122604e-04
3.930510000000000000e+07 1.183217274956405163e-03 1.480168546549975872e-03 1.206473796628415585e-03 9.768458548933267593e-04
3.930525300000000000e+07 1.189956325106322765e-03 1.483932603150606155e-03 1.207063673064112663e-03 9.745652787387371063e-04
3.930540400000000000e+07 1.180332270450890064e-03 1.478156424127519131e-03 1.206202432513237000e-03 9.780030231922864914e-04
3.930556400000000000e+07 1.179354032501578331e-03 1.478083664551377296e-03 1.206118264235556126e-03 9.781403932720422745e-04
3.930570000000000000e+07 1.174528617411851883e-03 1.475057681091129780e-03 1.205693697556853294e-03 9.798980318009853363e-04
3.930583700000000000e+07 1.171046635136008263e-03 1.473299460485577583e-03 1.205368665978312492e-03 9.810330811887979507e-04
3.930599100000000000e+07 1.169796101748943329e-03 1.472477335482835770e-03 1.205266104079782963e-03 9.815096855163574219e-04
3.930614800000000000e+07 1.162345521152019501e-03 1.467589288949966431e-03 1.204160624183714390e-03 9.844752494245767593e-04
3.930629200000000000e+07 1.168454531580209732e-03 1.471996889449656010e-03 1.205139793455600739e-03 9.818028192967176437e-04
3.930643200000000000e+07 1.167713431641459465e-03 1.471580471843481064e-03 1.205083914101123810e-03 9.820442646741867065e-04
3.930658900000000000e+07 1.167037873528897762e-03 1.471165218390524387e-03 1.205019187182188034e-03 9.823055006563663483e-04
3.930673400000000000e+07 1.165156136266887188e-03 1.469853217713534832e-03 1.204710337333381176e-03 9.831306524574756622e-04
