4.557832100000000000e+07 3.177554579451680183e-03 2.650602720677852631e-03 1.067964243702590466e-03 3.537163720466196537e-04
4.557848600000000000e+07 3.215728327631950378e-03 2.662370679900050163e-03 1.068009529262781143e-03 3.532387199811637402e-04
4.557864400000000000e+07 3.190541407093405724e-03 2.643646672368049622e-03 1.067979726940393448e-03 3.542700433172285557e-04
4.557881800000000000e+07 3.193985437974333763e-03 2.692750655114650726e-03 1.067983801476657391e-03 3.499305457808077335e-04
4.557895900000000000e+07 3.156735328957438469e-03 2.649038564413785934e-03 1.067939214408397675e-03 3.527518711052834988e-04
4.557911900000000000e+07 3.186170244589447975e-03 2.646714216098189354e-03 1.067974488250911236e-03 3.539923927746713161e-04
4.557930600000000000e+07 3.197035286575555801e-03 2.647007815539836884e-03 1.067987410351634026e-03 3.546492080204188824e-04
4.557944600000000000e+07 3.164425492286682129e-03 2.621616935357451439e-03 1.067948527634143829e-03 3.563427017070353031e-04
4.557959500000000000e+07 3.155682701617479324e-03 2.628694055601954460e-03 1.067937933839857578e-03 3.553024143911898136e-04
4.557977800000000000e+07 3.235400887206196785e-03 2.690360881388187408e-03 1.068032695911824703e-03 3.509445232339203358e-04
4.557992800000000000e+07 3.180899424478411674e-03 2.640313236042857170e-03 1.067968201823532581e-03 3.543439670465886593e-04
4.558008000000000000e+07 3.201698884367942810e-03 2.659879392012953758e-03 1.067992998287081718e-03 3.531735274009406567e-04
4.558022700000000000e+07 3.165204776450991631e-03 2.656431635841727257e-03 1.067949458956718445e-03 3.526533837430179119e-04
4.558037300000000000e+07 3.180718515068292618e-03 2.643784973770380020e-03 1.067967968992888927e-03 3.558118478395044804e-04
4.558053900000000000e+07 3.161663888022303581e-03 2.631170907989144325e-03 1.067945151589810848e-03 3.552627167664468288e-04
4.558071400000000000e+07 1.114030033349990845e-01 1.163882315158843994e-01 -3.622950986027717590e-02 -9.517085552215576172e-02
4.558088900000000000e+07 1.485757529735565186e-01 2.088746279478073120e-01 6.515478491783142090e-01 6.539233326911926270e-01
4.558104100000000000e+07 1.238118857145309448e-01 2.026456594467163086e-01 -4.926724433898925781e-01 1.073872685432434082e+00
4.558121900000000000e+07 1.567351967096328735e-01 1.924872249364852905e-01 1.265050657093524933e-02 9.681397676467895508e-01
4.558138300000000000e+07 7.263355702161788940e-02 1.293988227844238281e-01 4.998331964015960693e-01 -2.792463302612304688e-01
4.558153800000000000e+07 4.911457374691963196e-02 1.917981058359146118e-01 1.227858543395996094e+00 -1.005770340561866760e-01
4.558171200000000000e+07 3.609921410679817200e-02 1.400255113840103149e-01 1.479630827903747559e+00 -7.772755622863769531e-02
4.558186400000000000e+07 3.847268596291542053e-02 1.420464515686035156e-01 1.299427986145019531e+00 2.364627271890640259e-02
4.558201300000000000e+07 4.159365966916084290e-02 1.834823638200759888e-01 1.423686504364013672e+00 1.167708188295364380e-01
4.558218000000000000e+07 3.853315487504005432e-02 1.584490537643432617e-01 1.414866566658020020e+00 5.762353539466857910e-03
4.558233800000000000e+07 6.955008208751678467e-02 1.951483190059661865e-01 1.357610344886779785e+00 4.782555103302001953e-01
4.558249800000000000e+07 3.530869260430335999e-02 1.071837842464447021e-01 1.325048685073852539e+00 -1.699771583080291748e-01
4.558266200000000000e+07 4.872823879122734070e-02 1.934559643268585205e-01 1.344249963760375977e+00 3.345611393451690674e-01
4.558281200000000000e+07 3.181893751025199890e-02 9.792631864547729492e-02 1.398875713348388672e+00 4.732419177889823914e-02
4.558299600000000000e+07 3.693358600139617920e-02 8.834697306156158447e-02 1.445828557014465332e+00 -4.692593514919281006e-01
4.558313100000000000e+07 3.903957083821296692e-02 1.307535767555236816e-01 1.365698456764221191e+00 1.579626947641372681e-01
4.558329800000000000e+07 4.553535208106040955e-02 1.658250689506530762e-01 1.365942597389221191e+00 -3.001652359962463379e-01
4.558347500000000000e+07 8.540343493223190308e-02 2.156308889389038086e-01 1.226113200187683105e+00 1.402719467878341675e-01
4.558360900000000000e+07 4.355531930923461914e-02 1.641873121261596680e-01 1.359340667724609375e+00 -3.331707119941711426e-01
4.558377600000000000e+07 5.156908184289932251e-02 2.619758248329162598e-01 1.391476154327392578e+00 2.381079047918319702e-01
4.558391600000000000e+07 3.638799861073493958e-02 1.095534712076187134e-01 1.271565198898315430e+00 -2.055727243423461914e-01
4.558409900000000000e+07 9.849454462528228760e-02 3.027364313602447510e-01 1.409319996833801270e+00 -1.042524948716163635e-01
4.558423600000000000e+07 3.691311925649642944e-02 1.053678914904594421e-01 1.267919778823852539e+00 6.428503245115280151e-02
4.558440100000000000e+07 6.049832701683044434e-02 2.055817544460296631e-01 1.181710124015808105e+00 2.442804425954818726e-01
4.558453500000000000e+07 1.408052295446395874e-01 2.866599261760711670e-01 8.358239531517028809e-01 9.106410145759582520e-01
4.558468500000000000e+07 1.620759367942810059e-01 1.540170907974243164e-01 3.228369727730751038e-02 1.023618221282958984e+00
4.558485300000000000e+07 1.546407490968704224e-01 2.163646817207336426e-01 -4.685314297676086426e-01 1.192433834075927734e+00
4.558501200000000000e+07 8.157683163881301880e-02 1.645874977111816406e-01 8.753984570503234863e-01 1.012685656547546387e+00
4.558520900000000000e+07 5.401071533560752869e-02 2.882228195667266846e-01 1.305226445198059082e+00 2.063053101301193237e-01
4.558536100000000000e+07 3.900926187634468079e-02 1.572956442832946777e-01 1.380233526229858398e+00 1.968407481908798218e-01
4.558556000000000000e+07 1.176733225584030151e-01 1.875641644001007080e-01 6.268202662467956543e-01 9.720022678375244141e-01
4.558572200000000000e+07 1.405578106641769409e-01 1.623758524656295776e-01 -4.712402224540710449e-01 1.154999971389770508e+00
4.558590400000000000e+07 1.778303384780883789e-01 5.158614516258239746e-01 -9.389733672142028809e-01 1.062773942947387695e+00
4.558607900000000000e+07 2.344532310962677002e-01 4.402707219123840332e-01 -9.184823036193847656e-01 1.055559277534484863e+00
4.558624200000000000e+07 1.524019092321395874e-01 7.528578490018844604e-02 -3.154231011867523193e-01 1.292484402656555176e+00
4.558640700000000000e+07 1.818223595619201660e-01 7.632890343666076660e-02 -3.465789183974266052e-02 1.321215510368347168e+00
4.558656400000000000e+07 1.450415402650833130e-01 7.136908173561096191e-02 -3.962601125240325928e-01 1.314183473587036133e+00
4.558670300000000000e+07 1.682032048702239990e-01 6.450499594211578369e-02 -1.636533290147781372e-01 1.144477128982543945e+00
4.558687800000000000e+07 1.273646801710128784e-01 5.745235830545425415e-02 -6.315864622592926025e-02 1.258423686027526855e+00
4.558702100000000000e+07 1.584102213382720947e-01 7.145562022924423218e-02 -4.280460774898529053e-01 1.261724591255187988e+00
4.558718000000000000e+07 1.532938778400421143e-01 7.336051762104034424e-02 -4.706939458847045898e-01 1.449224710464477539e+00
4.558732400000000000e+07 1.455609947443008423e-01 6.719836592674255371e-02 -2.705887854099273682e-01 1.207506179809570312e+00
4.558746300000000000e+07 1.096183061599731445e-01 6.993333250284194946e-02 -6.393944025039672852e-01 1.175546407699584961e+00
4.558761600000000000e+07 6.963269412517547607e-02 1.178101822733879089e-01 -9.332183599472045898e-01 -4.982044547796249390e-02
4.558780100000000000e+07 6.778069585561752319e-02 9.517113864421844482e-02 -1.270133376121520996e+00 -4.212618172168731689e-01
4.558794400000000000e+07 6.380409747362136841e-02 9.401253610849380493e-02 -1.446411490440368652e+00 -5.035740733146667480e-01
4.558810600000000000e+07 6.362840533256530762e-02 1.230361685156822205e-01 -1.455464839935302734e+00 -2.943543791770935059e-01
4.558828000000000000e+07 6.563929468393325806e-02 7.534056901931762695e-02 -1.355775356292724609e+00 -6.867712736129760742e-01
4.558844300000000000e+07 6.842913478612899780e-02 8.328264951705932617e-02 -1.230385422706604004e+00 -5.457183122634887695e-01
4.558858900000000000e+07 6.482882052659988403e-02 1.092498302459716797e-01 -1.394942760467529297e+00 -2.275326550006866455e-01
4.558874800000000000e+07 6.643438339233398438e-02 1.258994638919830322e-01 -1.318600416183471680e+00 -2.920449972152709961e-01
4.558890700000000000e+07 6.690004467964172363e-02 7.412699609994888306e-02 -1.297378301620483398e+00 -7.110779881477355957e-01
4.558906800000000000e+07 6.704957783222198486e-02 8.176350593566894531e-02 -1.290646314620971680e+00 -5.705250501632690430e-01
4.558923200000000000e+07 6.654208898544311523e-02 8.943808078765869141e-02 -1.313656330108642578e+00 -5.025575757026672363e-01
4.558937800000000000e+07 6.579653173685073853e-02 1.243071183562278748e-01 -1.348327159881591797e+00 -2.395129203796386719e-02
4.558953700000000000e+07 6.733676046133041382e-02 8.302405476570129395e-02 -1.277830839157104492e+00 -8.333528041839599609e-01
4.558971000000000000e+07 6.547117233276367188e-02 7.873391360044479370e-02 -1.363792419433593750e+00 -6.229222416877746582e-01
4.558987000000000000e+07 6.763906776905059814e-02 6.855956465005874634e-02 -1.264496564865112305e+00 -8.341128826141357422e-01
4.559002900000000000e+07 6.777593493461608887e-02 8.473782241344451904e-02 -1.258511900901794434e+00 -5.228038430213928223e-01
4.559021200000000000e+07 6.779675930738449097e-02 1.746037304401397705e-01 -1.257603406906127930e+00 -1.818371564149856567e-02
4.559034500000000000e+07 1.559351980686187744e-01 2.452857494354248047e-01 9.708373248577117920e-02 4.382147789001464844e-01
4.559049800000000000e+07 1.981890797615051270e-01 6.914250552654266357e-02 9.600734710693359375e-02 1.295787572860717773e+00
4.559065500000000000e+07 9.359341859817504883e-02 2.059067487716674805e-01 -4.171646237373352051e-01 5.133748054504394531e-01
4.559080900000000000e+07 7.993672788143157959e-02 8.678019791841506958e-02 -9.456418156623840332e-01 -6.070692539215087891e-01
4.559096700000000000e+07 8.102351427078247070e-02 5.468136817216873169e-02 6.303526759147644043e-01 -1.255746722221374512e+00
4.559112800000000000e+07 1.201856583356857300e-01 3.517759963870048523e-02 -9.034322947263717651e-02 -1.302166461944580078e+00
4.559129100000000000e+07 7.721358537673950195e-02 7.948702573776245117e-02 -9.107380509376525879e-01 -8.454775214195251465e-01
4.559144200000000000e+07 6.678721308708190918e-02 1.298358589410781860e-01 -1.302483677864074707e+00 -6.548017859458923340e-01
4.559162200000000000e+07 6.686782091856002808e-02 7.439310848712921143e-02 -1.298833966255187988e+00 -7.056774497032165527e-01
4.559178100000000000e+07 9.482597559690475464e-02 1.167804822325706482e-01 -7.880906462669372559e-01 -9.625423550605773926e-01
4.559192900000000000e+07 8.285952359437942505e-02 5.974997952580451965e-02 5.954844355583190918e-01 -1.099988341331481934e+00
4.559207700000000000e+07 7.141757011413574219e-02 6.642079353332519531e-02 8.374301791191101074e-01 -1.172156333923339844e+00
4.559222900000000000e+07 9.495835751295089722e-02 5.482332780957221985e-02 5.692648887634277344e-01 -1.130551695823669434e+00
4.559238100000000000e+07 8.773886412382125854e-02 5.417472496628761292e-02 5.732780098915100098e-01 -1.275391459465026855e+00
4.559254500000000000e+07 7.941801100969314575e-02 5.341235175728797913e-02 6.619670391082763672e-01 -1.305671334266662598e+00
4.559268800000000000e+07 1.646765023469924927e-01 1.281538009643554688e-01 2.316990047693252563e-01 -1.223837018013000488e+00
4.559283300000000000e+07 9.023290127515792847e-02 6.267384439706802368e-02 4.677152633666992188e-01 -1.213253498077392578e+00
4.559299500000000000e+07 8.981050550937652588e-02 5.291363224387168884e-02 4.745536744594573975e-01 -1.325961470603942871e+00
4.559314800000000000e+07 1.111092567443847656e-01 1.091334372758865356e-01 6.340326666831970215e-01 -1.305068135261535645e+00
4.559330200000000000e+07 1.069305762648582458e-01 5.160707980394363403e-02 1.986725479364395142e-01 -1.369832158088684082e+00
4.559346700000000000e+07 8.673384040594100952e-02 6.184741854667663574e-02 5.691959857940673828e-01 -1.317319393157958984e+00
4.559361500000000000e+07 9.445999562740325928e-02 4.961462691426277161e-02 4.021289646625518799e-01 -1.262626767158508301e+00
4.559378800000000000e+07 9.072375297546386719e-02 5.274208262562751770e-02 4.598362147808074951e-01 -1.396527528762817383e+00
4.559395000000000000e+07 8.654746413230895996e-02 5.524174124002456665e-02 5.292712450027465820e-01 -1.259649395942687988e+00
4.559410000000000000e+07 1.163361370563507080e-01 4.038573428988456726e-02 -1.464268714189529419e-01 -9.728477597236633301e-01
4.559424500000000000e+07 1.077642291784286499e-01 5.878829956054687500e-02 -4.931434392929077148e-01 -9.739014506340026855e-01
4.559440000000000000e+07 6.982216984033584595e-02 8.490306138992309570e-02 -1.172710895538330078e+00 -5.202524065971374512e-01
4.559454000000000000e+07 7.184008508920669556e-02 1.716058403253555298e-01 -1.194047927856445312e+00 -1.938482373952865601e-01
4.559468200000000000e+07 6.704861670732498169e-02 1.237688064575195312e-01 -1.290689587593078613e+00 -1.092425808310508728e-01
4.559482700000000000e+07 6.756124645471572876e-02 1.128691062331199646e-01 -1.267913579940795898e+00 -4.884130358695983887e-01
4.559498900000000000e+07 6.687314808368682861e-02 8.737806230783462524e-02 -1.298592805862426758e+00 -5.910990238189697266e-01
4.559517400000000000e+07 6.873134523630142212e-02 8.391021937131881714e-02 -1.217611908912658691e+00 -8.998436331748962402e-01
4.559534700000000000e+07 1.926590800285339355e-01 2.622011303901672363e-01 -4.655729234218597412e-01 4.771839678287506104e-01
4.559550800000000000e+07 6.153627485036849976e-02 1.549743264913558960e-01 5.706419348716735840e-01 2.619886100292205811e-01
4.559567800000000000e+07 4.005084186792373657e-02 1.862275302410125732e-01 1.339454889297485352e+00 2.860120832920074463e-01
4.559583100000000000e+07 4.445808008313179016e-02 2.112948596477508545e-01 1.344404935836791992e+00 1.961268633604049683e-01
4.559601100000000000e+07 9.335320442914962769e-02 2.626300156116485596e-01 1.418064355850219727e+00 1.560478061437606812e-01
4.559616500000000000e+07 4.076150432229042053e-02 1.853264719247817993e-01 1.338829994201660156e+00 1.733572632074356079e-01
4.559630900000000000e+07 5.477441847324371338e-02 1.460767984390258789e-01 1.251211166381835938e+00 4.462137222290039062e-01
4.559647000000000000e+07 7.015814632177352905e-02 2.131056636571884155e-01 8.681529760360717773e-01 3.618473410606384277e-01
4.559664500000000000e+07 4.641992971301078796e-03 4.566368181258440018e-03 1.361267641186714172e-03 1.814790884964168072e-04
4.559680800000000000e+07 3.349993377923965454e-03 2.878778148442506790e-03 1.068164594471454620e-03 3.339270479045808315e-04
4.559696600000000000e+07 3.374496242031455040e-03 2.898479113355278969e-03 1.068192184902727604e-03 3.325050347484648228e-04
4.559712800000000000e+07 4.721256438642740250e-03 3.841458354145288467e-03 1.084940391592681408e-03 2.283839858137071133e-04
4.559729000000000000e+07 1.083087995648384094e-01 1.322086155414581299e-01 2.175735235214233398e-01 1.635559946298599243e-01
4.559745300000000000e+07 3.741557896137237549e-02 9.871462732553482056e-02 1.358564376831054688e+00 3.979824185371398926e-01
4.559760000000000000e+07 3.464320674538612366e-02 1.029054373502731323e-01 1.393203496932983398e+00 2.889600694179534912e-01
4.559776700000000000e+07 4.447517544031143188e-02 3.080411851406097412e-01 1.393810987472534180e+00 -9.894949942827224731e-02
4.559792400000000000e+07 3.733763843774795532e-02 1.041194573044776917e-01 1.313976883888244629e+00 -2.782691717147827148e-01
4.559807500000000000e+07 4.698701575398445129e-02 1.864227801561355591e-01 1.186764359474182129e+00 2.648799866437911987e-02
4.559822300000000000e+07 3.503354638814926147e-02 9.017048776149749756e-02 1.238306164741516113e+00 -4.595890045166015625e-01
4.559837300000000000e+07 6.162655726075172424e-02 1.178315877914428711e-01 1.267201781272888184e+00 -5.329790115356445312e-01
4.559851100000000000e+07 4.377536103129386902e-02 1.838710755109786987e-01 1.282559514045715332e+00 -1.225550025701522827e-01
4.559867000000000000e+07 4.392912238836288452e-02 1.752780973911285400e-01 1.372066020965576172e+00 -1.052663698792457581e-01
4.559880400000000000e+07 3.958082571625709534e-02 1.061236262321472168e-01 1.200717568397521973e+00 -2.998607456684112549e-01
4.559894600000000000e+07 3.403816372156143188e-02 1.132201105356216431e-01 1.352739810943603516e+00 -7.826447486877441406e-03
4.559909800000000000e+07 3.614813089370727539e-02 1.419230252504348755e-01 1.403604745864868164e+00 -3.357318639755249023e-01
4.559923600000000000e+07 4.068998992443084717e-02 1.769614517688751221e-01 1.388983130455017090e+00 6.718710809946060181e-02
4.559937300000000000e+07 4.917155578732490540e-02 1.790484637022018433e-01 1.252574324607849121e+00 -1.041971817612648010e-01
4.559951800000000000e+07 3.062052465975284576e-02 1.082142814993858337e-01 1.363999843597412109e+00 -6.321046501398086548e-02
4.559966900000000000e+07 5.907509475946426392e-02 2.495767176151275635e-01 1.153013229370117188e+00 3.992322385311126709e-01
4.559985400000000000e+07 5.080692842602729797e-02 1.563932895660400391e-01 1.326892971992492676e+00 7.121134996414184570e-01
4.559999500000000000e+07 3.858213499188423157e-02 1.100584641098976135e-01 1.305368065834045410e+00 -1.248812898993492126e-01
4.560015700000000000e+07 5.830170214176177979e-02 2.196756899356842041e-01 1.324780344963073730e+00 -4.592548310756683350e-01
4.560031300000000000e+07 3.502038121223449707e-02 1.008823737502098083e-01 1.339212656021118164e+00 -2.174243777990341187e-01
4.560046500000000000e+07 7.513616234064102173e-02 2.721761763095855713e-01 9.970598816871643066e-01 8.163571953773498535e-01
4.560061500000000000e+07 1.350970119237899780e-01 7.000756263732910156e-02 3.321936130523681641e-01 1.201161026954650879e+00
4.560077100000000000e+07 1.613783836364746094e-01 7.240677624940872192e-02 1.135482043027877808e-01 1.386456727981567383e+00
4.560092200000000000e+07 1.503010392189025879e-01 3.004154264926910400e-01 4.981437921524047852e-01 7.877680063247680664e-01
4.560109400000000000e+07 9.730082005262374878e-02 2.170280963182449341e-01 1.282666802406311035e+00 1.176954433321952820e-01
4.560126000000000000e+07 9.144527465105056763e-02 1.366664171218872070e-01 7.628871798515319824e-01 9.019936323165893555e-01
4.560143300000000000e+07 1.534327566623687744e-01 1.902426183223724365e-01 2.226667553186416626e-01 1.191828727722167969e+00
4.560161500000000000e+07 2.194135040044784546e-01 1.189192533493041992e-01 -3.185389041900634766e-01 1.275991678237915039e+00
4.560179000000000000e+07 1.957273185253143311e-01 7.772476226091384888e-02 -7.113712430000305176e-01 1.291089177131652832e+00
4.560195100000000000e+07 1.498806774616241455e-01 7.036352902650833130e-02 -3.624186217784881592e-01 1.282657742500305176e+00
4.560210000000000000e+07 1.655240058898925781e-01 7.264725118875503540e-02 4.345776978880167007e-03 1.288673043251037598e+00
4.560224900000000000e+07 1.716540753841400146e-01 6.921929121017456055e-02 -3.814992606639862061e-01 1.170687437057495117e+00
4.560240400000000000e+07 1.718878597021102905e-01 6.921441107988357544e-02 6.746547762304544449e-03 1.375168204307556152e+00
4.560255400000000000e+07 1.728057414293289185e-01 7.116452604532241821e-02 -9.033408761024475098e-02 1.282588481903076172e+00
4.560269300000000000e+07 1.933858096599578857e-01 7.716391235589981079e-02 3.552048932760953903e-03 1.159015178680419922e+00
4.560283200000000000e+07 1.628410816192626953e-01 8.673195540904998779e-02 -5.921714305877685547e-01 1.154312610626220703e+00
4.560298100000000000e+07 1.816317886114120483e-01 6.565827131271362305e-02 -2.781638316810131073e-02 1.292897701263427734e+00
4.560313500000000000e+07 1.300953030586242676e-01 7.420262694358825684e-02 -5.647394061088562012e-01 1.097383618354797363e+00
4.560328700000000000e+07 6.631281971931457520e-02 1.203648149967193604e-01 -1.324206590652465820e+00 -3.695797622203826904e-01
4.560344200000000000e+07 6.561262905597686768e-02 1.391140371561050415e-01 -1.357043266296386719e+00 -2.273480892181396484e-01
4.560358500000000000e+07 6.174393370747566223e-02 1.162294447422027588e-01 -1.364037513732910156e+00 9.619628638029098511e-02
4.560373200000000000e+07 6.533706933259963989e-02 1.570273041725158691e-01 -1.370226979255676270e+00 -2.246715128421783447e-03
4.560388700000000000e+07 6.484217941761016846e-02 1.358191668987274170e-01 -1.394285798072814941e+00 -2.451341152191162109e-01
4.560406000000000000e+07 6.816747039556503296e-02 2.436197102069854736e-01 -1.467233777046203613e+00 1.344330161809921265e-01
4.560421800000000000e+07 6.647373735904693604e-02 1.626871079206466675e-01 -1.344192385673522949e+00 -9.780386835336685181e-02
4.560438500000000000e+07 6.484274566173553467e-02 2.087092697620391846e-01 -1.402644276618957520e+00 9.442507475614547729e-02
4.560452900000000000e+07 6.660261750221252441e-02 1.377652734518051147e-01 -1.310887694358825684e+00 -1.977553963661193848e-01
4.560468400000000000e+07 6.474205851554870605e-02 1.104222908616065979e-01 -1.399214029312133789e+00 -3.108458817005157471e-01
4.560483400000000000e+07 6.367580592632293701e-02 9.325627982616424561e-02 -1.453015208244323730e+00 -4.030674695968627930e-01
4.560499300000000000e+07 6.389533728361129761e-02 1.454173773527145386e-01 -1.441737651824951172e+00 -1.495855450630187988e-01
4.560516700000000000e+07 6.464422494173049927e-02 1.092272400856018066e-01 -1.404050111770629883e+00 -4.836317598819732666e-01
4.560532100000000000e+07 6.272443383932113647e-02 1.181901991367340088e-01 -1.269485712051391602e+00 -1.892627775669097900e-01
4.560548100000000000e+07 7.687287032604217529e-02 1.647177338600158691e-01 -1.328390240669250488e+00 -2.051519304513931274e-01
4.560564700000000000e+07 1.339550167322158813e-01 1.605361402034759521e-01 -1.240899324417114258e+00 -6.311233043670654297e-01
4.560579600000000000e+07 8.948740363121032715e-02 1.477318406105041504e-01 -1.233202099800109863e+00 -4.522557258605957031e-01
4.560594900000000000e+07 8.122383803129196167e-02 2.044833451509475708e-01 -1.160793900489807129e+00 -3.674477934837341309e-01
4.560611100000000000e+07 6.189111620187759399e-02 9.810841083526611328e-02 -1.548821687698364258e+00 -3.571074306964874268e-01
4.560626700000000000e+07 6.627476215362548828e-02 1.682727634906768799e-01 -1.325967788696289062e+00 -5.123183876276016235e-02
4.560642000000000000e+07 1.766816079616546631e-01 1.421062052249908447e-01 -4.603084623813629150e-01 -7.038929462432861328e-01
4.560656400000000000e+07 1.044879034161567688e-01 5.373222008347511292e-02 2.644594013690948486e-01 -1.292859435081481934e+00
4.560671200000000000e+07 1.537909656763076782e-01 5.554007738828659058e-02 4.303155839443206787e-01 -1.307401180267333984e+00
4.560686200000000000e+07 9.645769000053405762e-02 9.427195042371749878e-02 5.730203390121459961e-01 -1.244350910186767578e+00
4.560701700000000000e+07 1.023232266306877136e-01 5.696478486061096191e-02 4.979815185070037842e-01 -1.454843640327453613e+00
4.560718500000000000e+07 1.067427173256874084e-01 8.765529841184616089e-02 6.525453329086303711e-01 -1.378328084945678711e+00
4.560733800000000000e+07 6.994765251874923706e-02 5.544991791248321533e-02 8.733800649642944336e-01 -1.226650357246398926e+00
4.560748800000000000e+07 1.338543742895126343e-01 5.577366799116134644e-02 4.469173848628997803e-01 -1.214640259742736816e+00
4.560762600000000000e+07 8.233989775180816650e-02 6.117891147732734680e-02 6.052181720733642578e-01 -1.033520579338073730e+00
4.560777800000000000e+07 1.086233779788017273e-01 5.608014017343521118e-02 2.507528364658355713e-01 -1.252195239067077637e+00
4.560793700000000000e+07 1.059022247791290283e-01 5.222529545426368713e-02 5.285137891769409180e-01 -1.354615211486816406e+00
4.560809500000000000e+07 7.510764896869659424e-02 5.211987718939781189e-02 7.525238394737243652e-01 -1.180158138275146484e+00
4.560825300000000000e+07 1.380880922079086304e-01 7.038432359695434570e-02 -6.210752949118614197e-02 -1.241405606269836426e+00
4.560839800000000000e+07 9.719488024711608887e-02 5.363659560680389404e-02 3.622533679008483887e-01 -1.296673297882080078e+00
4.560854100000000000e+07 1.137007102370262146e-01 6.378311663866043091e-02 3.792252019047737122e-02 -1.196530580520629883e+00
4.560869500000000000e+07 7.008463889360427856e-02 2.040356695652008057e-01 8.699755668640136719e-01 -7.969341874122619629e-01
4.560885200000000000e+07 5.196187272667884827e-02 1.768151670694351196e-01 1.291088104248046875e+00 -7.057873159646987915e-02
4.560900100000000000e+07 3.733841329813003540e-02 9.564328938722610474e-02 1.275518774986267090e+00 -3.189087212085723877e-01
4.560915400000000000e+07 4.054934531450271606e-02 1.560839116573333740e-01 1.438683629035949707e+00 -1.107009425759315491e-01
4.560933100000000000e+07 3.203922137618064880e-02 1.098142713308334351e-01 1.403420448303222656e+00 1.357776820659637451e-01
4.560949100000000000e+07 4.451574757695198059e-02 2.053774595260620117e-01 1.375207304954528809e+00 4.179480075836181641e-01
4.560965300000000000e+07 6.487682461738586426e-02 1.822044402360916138e-01 1.251059532165527344e+00 -6.243166327476501465e-01
4.560982300000000000e+07 3.947168588638305664e-02 1.092095896601676941e-01 1.361021041870117188e+00 -5.112132430076599121e-01
4.560996200000000000e+07 3.246397525072097778e-02 1.390680223703384399e-01 1.408810257911682129e+00 -2.546002566814422607e-01
4.561013000000000000e+07 6.470070779323577881e-02 2.972390651702880859e-01 1.299863576889038086e+00 9.605442732572555542e-02
4.561028700000000000e+07 4.215730354189872742e-02 2.232643067836761475e-01 1.403993010520935059e+00 1.570945829153060913e-01
4.561044400000000000e+07 7.068174332380294800e-02 2.750270068645477295e-01 1.134710669517517090e+00 -3.488136082887649536e-02
4.561059500000000000e+07 3.855888918042182922e-02 1.828218698501586914e-01 1.334260821342468262e+00 -1.978887766599655151e-01
4.561074800000000000e+07 3.147182241082191467e-02 9.212928265333175659e-02 1.383210659027099609e+00 -2.925040721893310547e-01
4.561090500000000000e+07 3.353286162018775940e-02 1.039775684475898743e-01 1.405340433120727539e+00 8.988208323717117310e-02
4.561105600000000000e+07 5.078006535768508911e-02 1.281443983316421509e-01 1.162967562675476074e+00 4.252935349941253662e-01
4.561119400000000000e+07 3.883322328329086304e-02 1.507640033960342407e-01 1.380131363868713379e+00 -2.350492626428604126e-01
4.561135500000000000e+07 5.276326835155487061e-02 2.249042838811874390e-01 1.336447358131408691e+00 1.289037615060806274e-01
4.561149600000000000e+07 4.055754095315933228e-02 1.260261833667755127e-01 1.252741336822509766e+00 3.714824914932250977e-01
4.561166100000000000e+07 7.010000944137573242e-02 1.991964727640151978e-01 1.302727341651916504e+00 3.826545774936676025e-01
4.561182400000000000e+07 5.454474315047264099e-02 2.279525995254516602e-01 1.042544245719909668e+00 9.542648792266845703e-01
4.561201000000000000e+07 6.304398179054260254e-02 1.016586348414421082e-01 1.061177253723144531e+00 1.174524426460266113e+00
4.561218800000000000e+07 4.885582253336906433e-02 1.506297588348388672e-01 1.328894972801208496e+00 5.431551933288574219e-01
4.561233600000000000e+07 4.570120573043823242e-02 9.212429076433181763e-02 1.233883619308471680e+00 6.273450851440429688e-01
4.561252000000000000e+07 1.379089355468750000e-01 3.190468251705169678e-01 8.094780445098876953e-01 9.525697827339172363e-01
4.561267300000000000e+07 1.751758605241775513e-01 1.746735274791717529e-01 1.266729682683944702e-01 1.200754642486572266e+00
4.561280800000000000e+07 1.792690753936767578e-01 9.633544087409973145e-02 -2.192972898483276367e-01 1.094200611114501953e+00
4.561295700000000000e+07 1.306348741054534912e-01 8.827930688858032227e-02 1.844557672739028931e-01 1.218014121055603027e+00
4.561311300000000000e+07 2.020163089036941528e-01 8.082842826843261719e-02 4.678868129849433899e-02 1.370929241180419922e+00
4.561327400000000000e+07 1.691469252109527588e-01 7.697765529155731201e-02 1.281483620405197144e-01 1.329834818840026855e+00
4.561342700000000000e+07 1.650303155183792114e-01 6.849866360425949097e-02 -4.596667289733886719e-01 1.241448402404785156e+00
4.561358200000000000e+07 2.334417104721069336e-01 7.747691869735717773e-02 -5.316362380981445312e-01 1.228466749191284180e+00
4.561374500000000000e+07 1.916574984788894653e-01 7.634783536195755005e-02 -4.526708424091339111e-01 1.290827393531799316e+00
4.561388400000000000e+07 1.820060014724731445e-01 7.156337797641754150e-02 -1.091123819351196289e-01 1.204138040542602539e+00
4.561403400000000000e+07 1.597885489463806152e-01 7.591380178928375244e-02 -6.755521297454833984e-01 1.193052172660827637e+00
4.561417100000000000e+07 1.136005744338035583e-01 6.865552067756652832e-02 -5.869175195693969727e-01 1.138755798339843750e+00
4.561431100000000000e+07 9.574202448129653931e-02 2.067039012908935547e-01 -9.734597802162170410e-01 3.466028273105621338e-01
4.561443500000000000e+07 6.779911369085311890e-02 1.394471973180770874e-01 -1.257501006126403809e+00 -5.550476163625717163e-02
4.561457500000000000e+07 6.863699108362197876e-02 1.382700502872467041e-01 -1.221583366394042969e+00 -2.586151361465454102e-01
4.561472800000000000e+07 6.814593821763992310e-02 1.240438818931579590e-01 -1.242491841316223145e+00 -2.308967858552932739e-01
4.561488600000000000e+07 6.395038962364196777e-02 1.339674144983291626e-01 -1.438925623893737793e+00 -2.611725628376007080e-01
4.561504000000000000e+07 6.485674530267715454e-02 1.412826627492904663e-01 -1.393570661544799805e+00 -2.026195675134658813e-01
4.561518200000000000e+07 6.910859793424606323e-02 1.759333014488220215e-01 -1.186217069625854492e+00 -2.941659837961196899e-02
4.561533700000000000e+07 8.172708004713058472e-02 2.102044820785522461e-01 -1.277208209037780762e+00 -1.588601619005203247e-02
4.561549200000000000e+07 6.841878592967987061e-02 1.251895278692245483e-01 -1.230825304985046387e+00 -4.868534207344055176e-01
4.561563700000000000e+07 6.631885468959808350e-02 1.536526381969451904e-01 -1.323927879333496094e+00 -3.999861329793930054e-02
4.561578300000000000e+07 6.641589850187301636e-02 1.209332346916198730e-01 -1.319451808929443359e+00 -2.648176550865173340e-01
4.561595100000000000e+07 6.616090238094329834e-02 1.709478646516799927e-01 -1.331251621246337891e+00 1.279226094484329224e-01
4.561609600000000000e+07 6.536370515823364258e-02 1.359216272830963135e-01 -1.350105166435241699e+00 -1.979898363351821899e-01
4.561623900000000000e+07 6.638357788324356079e-02 1.244924664497375488e-01 -1.320939898490905762e+00 -1.181649789214134216e-01
4.561638600000000000e+07 6.744845956563949585e-02 1.281069815158843994e-01 -1.272884845733642578e+00 -4.699128866195678711e-01
4.561652400000000000e+07 6.669864058494567871e-02 8.128657937049865723e-02 -1.306508064270019531e+00 -5.785081386566162109e-01
4.561667100000000000e+07 6.708644330501556396e-02 1.389035433530807495e-01 -1.269009113311767578e+00 -1.077263802289962769e-01
4.561683500000000000e+07 6.655379384756088257e-02 1.264395266771316528e-01 -1.313120245933532715e+00 -2.648724913597106934e-01
4.561697900000000000e+07 6.604354828596115112e-02 1.012861430644989014e-01 -1.336724162101745605e+00 -4.158892929553985596e-01
4.561711900000000000e+07 6.676062196493148804e-02 1.230784952640533447e-01 -1.303690910339355469e+00 -1.577899754047393799e-01
4.561727900000000000e+07 6.716412305831909180e-02 1.395880132913589478e-01 -1.285517096519470215e+00 -1.031527146697044373e-01
4.561743600000000000e+07 6.531441956758499146e-02 9.365472197532653809e-02 -1.319349169731140137e+00 -3.979957103729248047e-01
4.561757600000000000e+07 1.226951256394386292e-01 1.768662035465240479e-01 -1.036361575126647949e+00 -1.366721838712692261e-01
4.561772700000000000e+07 8.872925490140914917e-02 5.752113088965415955e-02 4.923080801963806152e-01 -1.245334625244140625e+00
4.561787000000000000e+07 8.972959220409393311e-02 5.291190743446350098e-02 4.758696258068084717e-01 -1.326032042503356934e+00
4.561801300000000000e+07 1.487097740173339844e-01 1.257277280092239380e-01 7.529894709587097168e-01 -1.239320278167724609e+00
4.561816600000000000e+07 1.023652628064155579e-01 5.361298099160194397e-02 2.917353510856628418e-01 -1.297617197036743164e+00
4.561830900000000000e+07 8.821155875921249390e-02 5.428843572735786438e-02 5.009383559226989746e-01 -1.270949721336364746e+00
4.561844100000000000e+07 1.573561728000640869e-01 6.430292129516601562e-02 4.825587868690490723e-01 -1.327826857566833496e+00
4.561860400000000000e+07 7.540700584650039673e-02 6.188972666859626770e-02 7.459487318992614746e-01 -1.203353166580200195e+00
4.561874300000000000e+07 8.768866211175918579e-02 4.498177394270896912e-02 5.097432136535644531e-01 -1.115413308143615723e+00
4.561889600000000000e+07 1.378791928291320801e-01 7.092908024787902832e-02 4.575413763523101807e-01 -1.346431374549865723e+00
4.561903500000000000e+07 1.522457003593444824e-01 8.359740674495697021e-02 -3.038031514734029770e-03 -1.379863262176513672e+00
4.561917800000000000e+07 2.099533230066299438e-01 2.636180222034454346e-01 8.068425953388214111e-02 -1.104341864585876465e+00
4.561931500000000000e+07 7.305290549993515015e-02 6.649185717105865479e-02 7.988958358764648438e-01 -1.279481649398803711e+00
4.561946100000000000e+07 1.032548695802688599e-01 5.147675424814224243e-02 2.801918983459472656e-01 -1.386658906936645508e+00
4.561960400000000000e+07 7.160688191652297974e-02 8.175618946552276611e-02 8.328924775123596191e-01 -1.122024536132812500e+00
4.561975500000000000e+07 7.829184830188751221e-02 6.792964041233062744e-02 6.915929913520812988e-01 -1.349376320838928223e+00
4.561989200000000000e+07 1.153550744056701660e-01 8.926453441381454468e-02 1.837718784809112549e-01 -1.282180905342102051e+00
4.562003200000000000e+07 8.516731858253479004e-02 6.086187437176704407e-02 -7.074227333068847656e-01 -1.043221473693847656e+00
4.562021200000000000e+07 7.963870465755462646e-02 2.254900634288787842e-01 6.575566530227661133e-01 -2.493808120489120483e-01
4.562037500000000000e+07 1.036832407116889954e-01 1.028162464499473572e-01 -3.255083262920379639e-01 -2.919093370437622070e-01
4.562055500000000000e+07 1.017840951681137085e-01 1.142385601997375488e-01 2.993660569190979004e-01 -1.822285503149032593e-01
4.562071500000000000e+07 1.185057833790779114e-01 3.681818395853042603e-02 7.291106041520833969e-03 -1.033465385437011719e+00
4.562090800000000000e+07 1.138658002018928528e-01 9.472882747650146484e-02 4.223595932126045227e-02 -6.758651230484247208e-03
4.562108300000000000e+07 7.590150926262140274e-03 5.455908831208944321e-03 2.137286122888326645e-03 1.282705343328416348e-04
4.562125400000000000e+07 3.166573354974389076e-03 2.607022412121295929e-03 1.067951088771224022e-03 3.600655472837388515e-04
4.562142300000000000e+07 3.008995437994599342e-03 2.821463858708739281e-03 1.067756791599094868e-03 3.452200326137244701e-04
4.562156600000000000e+07 3.147842362523078918e-03 2.633261028677225113e-03 1.067928504198789597e-03 3.638949128799140453e-04
4.562172700000000000e+07 3.137211315333843231e-03 2.768502803519368172e-03 1.067915698513388634e-03 3.464600886218249798e-04
4.562187400000000000e+07 3.211007453501224518e-03 2.695140894502401352e-03 1.068003941327333450e-03 3.529544337652623653e-04
4.562201800000000000e+07 3.240532474592328072e-03 2.691323170438408852e-03 1.068038749508559704e-03 3.529757377691566944e-04
4.562216600000000000e+07 3.205804852768778801e-03 2.642031759023666382e-03 1.067997887730598450e-03 3.578275791369378567e-04
4.562231900000000000e+07 3.185449168086051941e-03 2.665668027475476265e-03 1.067973673343658447e-03 3.536686417646706104e-04
4.562246700000000000e+07 3.220699960365891457e-03 2.660528291016817093e-03 1.068015466444194317e-03 3.566322266124188900e-04
4.562262200000000000e+07 3.219467820599675179e-03 2.676523290574550629e-03 1.068013953045010567e-03 3.546228981576859951e-04
4.562277400000000000e+07 3.214181400835514069e-03 2.694211900234222412e-03 1.068007783032953739e-03 3.524891217239201069e-04
4.562293600000000000e+07 3.214795142412185669e-03 2.661502454429864883e-03 1.068008481524884701e-03 3.552012494765222073e-04
